423336454237162404065441177440057404126404100404125442052441177240441176403277441
174403277162440006404125404126164440005402121441177404065164777014440000404101415
040431122404125431161404101164404065164431131162440010402121405001441160404100441
160404125404126441175441160431122402141440012404065441174404126164777014440003404
125404065405001440002441176404076240431161404126431131404125441177415040441176240
164404065441177404100454237162440006012404126431122403362404126405001404126405001
431131431122164440006431131164440006441174404060142415040162404065440057404065164
440012441176404076441174415040162431161440000441177402121402141431122402121440007
402121441174404126161431131404060777016440007125164440003404065431122404126441177
440011402121405001440012441177404126431122441160441177440001442301431161431122404
126402121441177440032440012161431131404126404125440005012431122403277404125164162
431131405001440000404065441171431161162403362441160164402121164404126454237431122
440137431131441174441174402121441177403362404076440007441174404060142403277162441
160404125440057431122404126404125441160440137431131164440002402121441174441160161
431131441160404100440137431161454255440012431161404060440006404101403277441177441
177404076405001403277440137441175415040431122404125404065161431131404060164440044
440003012425352431131404126404125440011402121431131164404065240404126162431131162
404065440007441176415040441174415040162440002441160431122240162431161404100162431
161404273404065431122405001404065162404126164440137404126431122440007442301403277
441174431131404100164402121164404065440007442050404065441174404126164440001404065
404125404125431161440001403362441160441174441174431131441177440001405001403277441
174403277162404065440007404065431131440010012146431131402141404126402121164240431
122431131441174441174404060440012404100402121162441160404060164442052162777016440
006403225441171403362431161454243164404065431131162440007404125404126431122164440
005403277404101403362402121431161441175404060164440001403362442052454243404126441
176402121164404060164440005431122454237431122440011454243162415040404126441176431
161431122164777014440005404125431131431122164440007441160431122440011012404101431
131441174404100404060440002161431131441160440011404076146146404126441175404126402
121440007405001404065404125404065162431131431122164440011441177404076441174441174
441160164240402121431122404126441177240404126441176440001404065404125164440010441
174402121142454237162442052441177440044012012403244404273431161240146441174402121
402141440010441160404125426354440000404005403225441155454244404036403235777133403
221777077405014423241454236125403241402315404036425264446212403235441140403235403
225402315404022441140403244423332402315441140423332777077404041423252441154441154
423254441156402315403235404036403235404025403244776134012012403235423364777033240
403241441174404065402121404125404065440010404125404065431122441176440003164404273
404065440004146441174402121402141440003404126431122440011431122454237162441177402
121441174440011404020423332403371404006441140440002403362404076405001404065440010
776024776132012
