1 0
1 0
1 0
1 0
1 0
2 0
2 -1
2 0
3 -1
1 0
1 -1
1 0
0 -1
1 -2
1 -2
2 -2
1 -3
2 -3
2 -4
2 -3
3 -4
3 -5
4 -4
3 -4
3 -3
6 -6
6 -5
7 -6
7 -5
7 -5
7 -6
8 -6
8 -5
7 -6
8 -5
7 -5
7 -6
8 -4
7 -5
7 -5
8 -5
6 -4
6 -4
6 -5
4 -3
5 -4
4 -3
5 -3
4 -3
5 -3
3 -3
3 -3
3 -2
4 -3
3 -2
4 -3
3 -2
4 -3
3 -2
4 -3
4 -2
2 -2
4 -3
4 -2
5 -3
3 -2
4 -3
3 -2
4 -3
4 -2
3 -2
2 -3
3 -2
4 -2
4 -3
4 -3
5 -3
5 -4
7 -3
6 -4
6 -4
7 -4
6 -2
8 -3
7 -3
7 -2
6 -2
6 -1
4 -1
5 0
3 -1
4 0
3 0
2 0
1 0
1 0
2 -1
2 0
4 0
2 -1
3 0
4 0
4 -1
5 0
4 -1
6 0
5 0
5 0
6 0
6 -1
6 0
5 0
4 -1
3 0
2 0
1 -1
3 0
1 -1
0 -1
-2 -3
-2 -2
-2 -2
-2 -1
-2 -1
-1 -1
-1 -1
-1 -1
-2 0
0 -2
-1 0
0 -1
-1 0
***click***
0 0
7 2
6 4
7 4
6 5
6 3
6 5
5 3
4 2
4 4
3 2
3 2
3 2
2 2
1 2
1 1
0 2
1 1
1 2
0 1
1 1
1 2
1 2
1 1
2 2
2 2
2 2
1 2
3 2
2 3
2 2
1 1
1 1
0 2
2 2
1 2
1 2
1 1
1 2
1 1
1 1
1 0
1 1
1 0
1 0
1 0
1 0
1 0
1 0
1 0
1 0
1 0
1 0
0 -1
1 0
1 0
1 0
1 -1
1 0
1 0
2 -1
1 0
2 0
2 0
2 0
2 0
1 0
1 0
1 0
***click***
0 0
-1 1
-4 -1
-5 -2
-6 -2
-8 -3
-9 -4
-9 -2
-11 -4
-12 -3
-11 -3
-14 -3
-13 -3
-13 -4
-14 -3
-13 -4
-13 -5
-13 -4
-11 -3
-13 -4
-11 -3
-10 -3
-9 -2
-7 -2
-5 -2
-5 -1
-3 -1
-2 -1
-1 0
-1 -2
-4 -3
-4 -1
-3 -2
-3 -2
-4 -2
-4 -2
-4 -2
-4 -1
-3 -2
-3 -1
-2 -1
-2 0
-2 0
-1 -1
-1 0
0 1
0 1
0 1
-1 0
-1 1
-1 1
-1 1
-1 1
-1 0
0 1
***click***
0 0
0 1
4 4
5 4
6 6
6 5
7 7
7 8
8 8
10 9
9 9
9 9
8 9
11 8
9 9
9 8
8 7
8 7
7 7
6 5
6 5
5 4
4 3
4 3
3 2
3 2
2 2
2 2
2 1
2 2
1 1
1 1
1 1
0 2
1 1
0 1
1 1
0 1
0 1
2 1
1 2
2 4
1 2
2 3
1 3
2 3
2 2
2 3
3 3
2 3
3 2
3 2
3 3
3 2
3 2
2 3
4 3
5 3
4 3
4 3
4 4
4 3
3 4
4 2
5 3
4 4
4 3
3 3
4 3
3 2
1 2
2 1
1 2
1 1
1 2
2 1
0 1
1 1
0 1
1 1
0 1
0 1
0 -1
0 -1
0 -1
0 -1
0 -1
0 -1
0 -1
0 -1
0 -1
1 0
0 -1
***click***
0 0
-1 -1
-1 -1
-1 -1
-2 -1
-1 -1
-2 -1
-3 -2
-4 -1
-5 -1
-5 -2
-5 -1
-2 0
-1 -1
-3 -2
-4 -3
-6 -5
-10 -8
-11 -7
-12 -8
-13 -9
-15 -9
-15 -10
-16 -12
-18 -11
-18 -10
-17 -9
-18 -10
-17 -9
-18 -9
-15 -7
-15 -6
-13 -6
-11 -6
-10 -5
-9 -5
-8 -5
-6 -4
-3 -3
-2 -1
-1 -2
-2 -1
-1 -1
-3 -2
-3 -1
-2 -1
-2 0
-1 0
-1 0
-2 -1
-1 -1
-2 -1
-2 -1
-3 -2
-4 -2
-4 -1
-4 -3
-6 -4
-6 -3
-6 -3
-5 -4
-5 -3
-6 -3
-5 -4
-6 -4
-5 -4
-4 -3
-2 -1
-3 -2
-2 -2
-2 -1
-1 -1
-1 0
0 -1
-1 0
-1 0
-1 0
-1 0
-1 1
-1 0
-1 0
-2 0
-1 0
-1 0
-2 0
-1 0
0 -1
1 0
0 -1
1 0
0 -1
0 -1
1 -1
***click***
0 0
13 0
23 0
24 1
25 0
27 0
25 1
26 -1
27 1
25 0
25 1
23 1
20 2
19 1
14 2
10 1
8 1
4 1
2 1
1 1
7 1
10 2
13 3
17 3
17 3
16 1
11 0
12 -1
10 -1
9 -1
9 -1
8 -2
7 0
7 0
4 -1
3 0
2 -1
2 0
1 -1
1 -2
0 -1
1 -2
0 -1
1 -1
0 -2
1 -1
0 -1
1 -2
0 -1
1 -1
1 -1
1 -1
0 -1
***click***
0 0
3 0
5 1
5 1
4 1
5 1
6 0
7 1
7 0
6 1
7 0
6 1
6 1
5 1
5 0
4 0
4 1
3 0
2 1
2 0
1 0
1 0
1 -1
0 -1
0 -1
0 -1
0 -1
-1 0
-1 0
0 -1
-1 0
-1 0
-1 -1
-1 0
0 -1
-1 0
-1 -1
-1 0
***click***
0 0
-2 0
-1 1
-2 1
-3 3
-4 3
-7 3
-6 5
-9 6
-10 7
-11 6
-12 8
-12 8
-13 8
-14 9
-12 10
-11 9
-13 10
-12 8
-9 7
-9 7
-8 7
-7 5
-6 5
-5 3
-4 2
-2 2
-1 1
-1 0
-1 0
-1 0
-2 1
-3 1
-4 1
-3 1
-5 1
-5 2
-6 1
-5 1
-6 2
-7 1
-5 1
-6 1
-7 1
-6 0
-7 0
-5 -1
-6 -1
-4 -1
-4 -2
-4 -2
-3 -1
-3 -2
-2 -1
-1 -1
-2 -1
-1 0
-1 -1
-1 0
-1 -1
-2 0
0 -1
-1 0
-1 0
-1 0
-1 0
-1 0
0 1
0 1
-1 0
-1 1
0 1
-1 1
0 1
0 1
-1 1
0 1
0 1
-1 1
0 1
-1 1
0 2
0 1
-1 1
0 1
0 1
1 0
0 1
0 1
0 1
0 1
-1 1
0 1
0 1
-1 1
-1 1
0 1
***click***
0 0
1 -1
3 -2
3 -1
4 -2
5 -2
6 -3
8 -3
9 -5
10 -4
11 -4
12 -4
13 -4
15 -5
14 -4
18 -5
16 -4
17 -4
15 -3
14 -2
14 -2
12 -3
11 -1
10 -1
10 0
8 -1
7 0
6 0
5 1
3 0
2 0
1 0
1 0
2 0
3 0
2 -1
4 0
3 -1
3 0
4 0
4 -1
4 0
5 0
4 0
4 0
4 0
4 0
4 0
3 0
3 0
2 -1
2 0
2 0
1 -1
2 -1
2 -1
2 0
1 -1
0 -1
1 -1
0 -1
1 0
0 -1
0 -1
1 -1
1 -1
1 -2
2 -2
1 -2
2 -2
1 -1
1 -1
2 -2
2 -1
0 -1
1 -1
0 1
0 1
0 1
0 1
0 1
0 1
0 1
0 1
0 1
0 1
0 1
0 1
0 1
1 0
***click***
0 0
0 2
0 1
0 3
0 2
-1 6
-1 6
0 7
-2 8
-1 7
-3 9
-3 8
-3 8
-4 7
-4 7
-5 7
-4 6
-4 5
-4 6
-3 5
-4 4
-3 4
-3 4
-3 4
-2 2
-2 3
-3 1
-2 2
-1 0
-4 2
-3 2
-3 1
-4 1
-4 1
-4 0
-4 1
-5 0
-5 0
-6 0
-5 0
-5 -1
-4 0
-5 -1
-4 0
-3 0
-2 0
-3 1
0 -1
1 1
-2 4
-2 3
-2 2
-1 2
-1 1
0 1
-1 0
0 1
0 1
0 1
0 1
0 1
0 1
1 1
0 1
0 1
***click***
0 0
-1 0
-1 0
-1 0
-2 -1
-1 -1
-3 -1
-2 -1
-3 -2
-5 -2
-5 -2
-6 -3
-5 -3
-7 -3
-6 -3
-7 -3
-7 -4
-7 -3
-6 -4
-7 -3
-7 -4
-5 -3
-6 -3
-5 -3
-5 -3
-4 -3
-4 -3
-4 -3
-4 -2
-4 -2
-2 -2
-2 -2
-3 -1
-1 -2
-2 -1
-3 -2
-2 -1
-1 -1
-1 0
0 -1
1 0
1 0
3 0
3 0
5 1
5 1
6 1
5 0
5 1
5 0
4 0
5 0
5 1
5 0
5 0
5 0
4 0
4 0
3 0
3 0
2 0
2 -1
1 0
1 -1
0 -1
0 -1
0 -1
-1 -1
0 -1
-1 0
-1 0
-1 0
-1 0
-1 0
0 1
-1 0
-1 0
0 1
-1 0
-1 0
-1 1
-1 0
0 1
-1 0
1 0
-1 0
1 0
1 0
1 0
1 0
1 0
***click***
0 0
-5 -3
-7 -4
-6 -4
-10 -5
-10 -6
-12 -8
-13 -8
-13 -7
-15 -9
-15 -9
-16 -9
-17 -8
-13 -9
-14 -7
-12 -7
-11 -6
-10 -6
-7 -3
-4 -3
-3 -1
-1 -1
-1 -3
-3 -4
-2 -4
-2 -3
-2 -2
-2 -4
-2 -3
-3 -3
-3 -5
-4 -7
-3 -6
-3 -3
0 -1
0 -2
0 -2
0 -1
1 -1
3 -1
2 -1
2 -2
3 -1
3 -1
4 -1
3 -1
5 -1
4 -1
5 -1
4 0
5 0
4 0
4 0
3 0
2 1
1 0
0 1
0 1
0 1
0 1
0 1
0 2
-1 1
0 1
0 1
-1 1
0 1
-1 1
0 1
0 1
-1 1
0 1
0 1
0 1
1 0
1 0
1 0
1 0
1 0
2 0
2 0
2 1
2 0
2 0
3 0
2 0
3 0
2 1
3 0
2 0
1 0
2 0
0 1
-1 0
-1 -1
-1 0
-1 0
-1 -1
-1 0
0 -1
-1 0
-1 0
-1 0
-1 0
-1 0
-1 0
0 -1
-1 0
***click***
0 0
3 0
6 0
7 0
9 -1
10 0
13 -1
14 0
16 -1
17 0
18 -1
19 -2
20 0
19 -1
19 -1
19 -1
17 -1
16 0
16 0
14 1
13 1
12 2
11 1
9 1
6 1
5 1
3 1
2 0
1 1
1 0
1 0
0 1
2 1
1 0
4 1
3 1
6 1
5 1
7 1
5 0
6 0
6 0
5 0
6 0
5 0
5 -1
5 -1
5 -1
6 -1
6 -2
4 0
4 -1
3 -1
2 0
2 0
-1 0
-1 0
-1 1
-1 1
-1 0
-2 1
-1 1
-2 1
-1 0
-1 1
-1 1
0 -1
0 -1
0 -1
1 0
0 -1
1 -1
0 -1
1 -1
0 -1
0 -1
1 0
0 -1
1 0
0 -1
***click***
0 0
-1 0
-1 0
-2 0
-2 0
-5 0
-7 -2
-12 -1
-13 -2
-16 -2
-20 -2
-18 -2
-19 -3
-21 -2
-21 -2
-20 -2
-23 -1
-20 -1
-22 -2
-20 -2
-19 -1
-20 -2
-18 -1
-17 -2
-14 0
-12 -1
-11 -1
-10 -1
-7 -1
-8 0
-6 -1
-5 -1
-5 -2
-6 -2
-7 -1
-5 0
-3 0
-2 -1
-2 0
-2 0
-2 1
-3 0
-3 1
-4 1
-4 1
-5 1
-5 1
-6 1
-6 1
-6 2
-6 1
-5 2
-5 1
-3 1
-3 1
-2 2
-3 1
-1 1
-2 2
-1 1
-1 1
-1 2
-1 1
-1 2
-1 2
0 2
-1 1
-1 2
-1 1
-1 2
-2 1
-2 1
-1 1
-2 1
-1 0
-1 0
-1 0
-3 0
-3 0
-3 0
-4 0
-4 -1
-5 0
-5 0
-5 -1
-4 0
-5 0
-3 0
-3 0
-2 -1
-2 0
-1 0
-1 0
-1 0
0 1
-1 1
-1 1
-1 1
-1 1
0 1
-2 1
-1 1
-1 0
-2 1
-1 1
-1 0
-1 1
-1 0
0 -1
1 0
0 -1
1 0
1 -1
1 0
1 -1
0 -1
1 0
1 0
***click***
0 0
1 0
2 2
2 2
4 3
4 3
6 4
7 4
8 5
10 5
12 5
14 5
14 5
13 3
17 4
17 4
17 3
17 4
17 4
19 4
17 4
18 4
19 4
17 4
18 4
16 4
15 3
15 3
12 3
12 3
12 3
10 2
11 2
9 2
9 2
8 2
6 1
6 2
5 2
5 1
2 0
1 1
-3 0
-4 -1
-5 -1
-5 -1
-5 -1
-4 -2
-4 -2
-1 -1
-2 0
-1 0
-2 1
-2 1
0 1
-2 1
-1 3
-3 2
-2 3
-2 3
-2 3
-2 2
-2 4
-1 4
-2 3
-1 5
0 3
0 3
0 3
0 3
1 2
0 2
1 1
0 2
1 2
1 1
1 2
1 1
1 1
0 1
0 1
1 0
1 0
0 1
1 0
1 1
1 0
2 1
1 0
1 1
1 1
1 0
1 0
1 0
1 0
2 -1
1 -1
1 0
1 -1
1 -1
0 -1
1 0
1 -1
1 -1
1 -1
1 -1
1 0
1 0
0 -1
1 0
2 0
0 -1
1 0
1 0
1 -1
***click***
0 0
0 1
0 2
-1 1
-1 1
-1 2
-1 2
-1 2
-1 2
-2 2
-1 2
-1 2
-1 2
-1 3
-2 2
-1 3
-1 3
-1 2
-1 3
-1 3
-1 2
-1 3
-1 3
-2 2
0 3
-1 2
-1 2
0 2
-1 2
0 1
-1 1
0 1
0 1
0 1
0 2
-1 1
-1 1
0 2
0 1
-1 1
0 2
-1 2
-1 1
0 1
0 1
0 2
-1 0
0 1
0 1
0 1
-1 0
0 1
0 1
***click***
0 0
0 -1
-2 -3
-1 -3
-2 -3
-3 -5
-4 -6
-4 -6
-5 -6
-6 -7
-5 -5
-5 -7
-5 -6
-4 -5
-4 -4
-3 -3
-4 -3
-2 -2
-3 -3
-2 -3
-3 -3
-3 -3
-3 -3
-2 -3
-2 -3
-2 -2
-1 -2
-1 -1
-1 -1
-1 -2
0 -1
-1 -1
-1 -2
-2 -1
-1 -2
-1 -2
-3 -2
-2 -2
-2 -2
-3 -1
-2 -2
-3 -1
-3 -1
-3 -2
-3 -2
-4 -2
-3 -1
-4 -3
-4 -2
-4 -2
-5 -3
-5 -3
-5 -3
-5 -4
-4 -3
-3 -2
-3 -3
-3 -2
-3 -2
-3 -1
-1 -2
-1 -2
-1 0
0 -1
0 -1
0 -1
0 -1
0 -1
0 -1
0 -1
-1 -1
-1 0
0 -1
-1 0
-1 0
-1 1
-1 0
-1 0
0 1
***click***
0 0
3 -1
4 -2
4 -1
6 -2
6 -2
9 -2
9 -2
10 -3
13 -3
15 -4
14 -5
16 -4
17 -4
16 -4
17 -4
17 -3
16 -3
17 -4
15 -3
14 -3
14 -3
13 -2
11 -3
10 -2
9 -2
7 -2
7 -2
6 -1
4 -1
3 0
2 -1
1 0
1 0
2 1
2 0
3 1
2 1
2 1
2 0
2 1
1 0
1 0
1 1
2 0
1 0
2 0
2 0
2 0
1 -1
3 0
2 0
2 0
2 0
1 0
2 0
1 0
1 0
2 0
1 0
1 -1
1 0
1 0
1 -1
1 0
1 -1
2 0
1 -1
2 0
1 -1
1 0
1 0
1 0
0 -1
***click***
0 0
-1 0
-2 0
-2 1
-4 1
-5 1
-7 2
-8 1
-10 3
-11 2
-14 2
-14 2
-14 1
-17 2
-17 2
-15 3
-16 2
-16 3
-17 3
-17 2
-16 3
-15 3
-16 4
-16 3
-14 3
-14 2
-14 3
-13 3
-13 3
-11 3
-11 3
-9 3
-8 5
-7 4
-7 3
-5 4
-4 4
-5 2
-5 4
-4 3
-3 3
-4 3
-3 4
-4 3
-2 3
-4 4
-4 3
-4 4
-4 2
-2 2
-4 2
-2 1
-4 2
-4 1
-4 1
-4 1
-5 1
-5 1
-5 1
-5 1
-4 1
-4 1
-5 1
-6 1
-4 1
-5 1
-4 2
-2 1
-3 1
0 1
0 1
1 0
1 1
1 0
2 0
2 1
2 0
2 0
3 0
2 0
3 0
2 0
2 0
2 0
1 0
2 0
2 0
2 0
2 1
1 1
2 0
1 1
0 1
1 0
0 1
0 1
0 1
0 1
0 1
-1 1
-1 1
-1 0
-1 0
-1 1
-1 0
-1 0
-1 0
-1 1
-1 0
-1 0
-1 1
-1 0
-1 0
-2 1
-1 0
-1 1
-1 0
-1 0
-1 1
-1 0
-1 0
-1 -1
-1 -1
-1 0
0 -1
1 0
1 -1
***click***
0 0
2 0
1 1
3 1
4 2
5 3
6 3
7 3
9 2
9 3
10 2
9 3
11 3
9 2
10 3
11 3
10 2
10 3
9 3
8 2
8 3
7 1
5 2
4 1
3 1
2 1
1 0
1 1
1 1
1 1
1 1
1 2
0 1
2 2
1 3
1 1
0 2
1 2
1 2
2 2
1 2
1 2
2 1
1 2
2 2
2 1
3 1
3 2
2 2
2 1
3 1
3 0
1 1
2 1
1 0
1 0
***click***
0 0
0 -1
0 -1
-1 -1
-1 -1
-2 -1
-2 -1
-3 -1
-3 -1
-2 0
1 -1
3 -2
1 -1
5 -3
4 -3
5 -3
5 -4
4 -4
5 -5
6 -5
5 -6
6 -6
6 -6
6 -7
7 -7
7 -8
5 -6
6 -6
5 -6
5 -6
4 -4
3 -5
3 -4
3 -4
2 -2
2 -3
1 -3
0 -2
0 -2
0 -1
0 -2
0 -1
0 -1
-1 0
1 -1
0 -1
1 0
1 -1
0 -1
1 0
0 -1
2 -1
1 -1
2 -2
2 -2
3 -2
2 -1
4 -2
4 -3
3 -2
2 -2
2 -2
2 -2
1 -2
2 -2
2 -3
2 -1
1 -1
1 0
1 0
1 0
1 0
1 1
1 0
1 0
1 0
1 0
2 -1
1 -1
2 0
2 -1
1 -1
1 0
2 -1
1 0
2 -1
1 -1
1 0
1 -1
2 0
0 -1
1 0
1 0
0 -1
1 0
1 0
-1 0
-1 1
0 1
-1 1
0 1
-1 0
***click***
0 0
-2 -3
-2 -3
-2 -4
-3 -3
-2 -6
-4 -4
-3 -6
-4 -5
-3 -4
-3 -5
-2 -4
-3 -3
-2 -5
-2 -4
-2 -4
-1 -2
0 -1
-1 0
0 -1
0 -1
-1 0
0 -2
0 -1
0 -1
0 -1
1 -1
0 -1
0 -1
0 -1
0 -1
0 -1
0 -1
0 -1
0 -1
0 -2
-1 0
0 -1
0 -1
-1 0
***click***
0 0
1 1
0 3
1 2
1 3
2 3
3 4
3 4
3 6
3 5
3 7
4 6
4 6
3 7
3 6
4 7
4 6
4 6
3 7
4 5
2 5
2 5
3 4
1 3
2 3
1 3
2 2
0 2
1 3
0 2
0 1
0 1
0 2
1 2
0 2
0 3
0 2
0 2
0 2
0 2
1 2
0 1
0 2
1 2
1 1
0 1
1 1
0 1
1 1
0 1
1 1
1 1
1 0
1 0
1 1
1 1
1 1
1 1
1 1
1 1
1 1
0 1
1 1
0 1
***click***
0 0
1 -1
1 -1
1 -2
2 -2
2 -3
3 -4
3 -4
4 -5
4 -4
4 -5
5 -6
4 -6
5 -6
4 -4
5 -6
6 -6
6 -7
5 -7
5 -6
6 -7
4 -5
6 -7
4 -6
4 -4
3 -4
3 -3
2 -2
2 -2
2 -2
1 -2
2 -1
1 -1
1 0
1 -1
1 0
1 -1
1 0
1 -1
2 -1
1 -1
1 0
2 -1
1 -1
2 0
1 -1
2 -1
1 0
1 -1
2 -1
2 -1
2 -1
3 -2
2 -3
2 -2
2 -3
2 -1
2 -2
2 -2
2 -4
3 -3
1 -2
1 -2
1 0
2 -2
1 -1
1 -1
1 -1
0 1
0 1
0 1
0 1
0 1
0 1
0 1
***click***
0 0
-3 1
-4 1
-5 1
-7 0
-10 0
-11 1
-13 0
-14 0
-15 1
-16 0
-19 1
-18 0
-20 0
-19 0
-19 0
-20 -1
-17 0
-19 -1
-19 -1
-18 -1
-18 0
-16 0
-15 0
-14 0
-11 -1
-10 0
-10 1
-7 0
-8 0
-5 1
-6 1
-5 0
-4 1
-6 1
-5 1
-6 3
-6 2
-7 3
-6 3
-7 3
-7 3
-7 2
-6 2
-7 3
-7 2
-8 2
-8 2
-7 1
-7 1
-7 2
-5 1
-6 1
-5 2
-5 2
-5 2
-4 2
-5 2
-4 2
-5 2
-1 1
-2 1
-3 1
-1 2
-1 2
-1 2
-1 2
-1 2
0 2
0 3
0 3
0 2
0 3
-1 2
0 2
-1 1
0 -1
-1 0
-2 0
0 -1
-2 0
-2 0
-3 0
-3 -1
-2 0
-2 -1
-2 0
-1 0
-1 0
-1 0
-2 0
-1 0
-2 0
-2 0
-2 0
-2 0
-3 -1
-3 0
-3 0
-3 0
-2 0
-2 -1
-1 0
-1 0
-1 0
-1 0
-1 0
0 1
-1 0
1 0
0 -1
1 0
1 0
1 0
1 0
0 -1
1 0
1 0
1 0
2 0
1 -1
1 0
-1 0
-1 0
-1 1
-1 1
-1 0
0 1
0 1
0 1
0 1
***click***
0 0
1 0
1 1
1 0
1 1
2 1
4 1
4 2
5 3
7 3
9 3
10 4
12 4
12 5
12 5
14 4
13 5
11 6
12 5
13 5
11 5
10 4
8 5
8 5
7 4
5 4
5 3
4 4
2 4
1 3
1 3
1 2
1 2
2 2
1 3
2 2
1 3
1 4
2 3
2 3
3 3
2 2
3 3
2 3
4 3
2 3
4 3
3 2
4 2
4 3
5 2
5 4
6 3
6 4
5 3
6 3
6 4
5 2
6 4
6 4
7 3
5 2
4 2
4 2
4 1
3 1
3 0
1 0
1 0
1 0
1 0
1 -1
0 -1
1 -1
0 -1
0 -2
0 -1
0 -2
0 -2
-1 -2
-2 -2
-1 -1
0 -1
0 -1
-1 -1
0 -1
0 -1
0 -1
0 -1
***click***
0 0
0 -2
2 -3
2 -2
2 -3
1 -3
3 -4
3 -3
3 -4
5 -6
4 -7
6 -6
6 -7
5 -5
6 -7
5 -7
6 -7
5 -8
5 -7
6 -8
5 -6
6 -7
6 -6
5 -6
5 -6
4 -6
3 -4
4 -4
3 -4
3 -4
3 -5
2 -3
2 -2
1 -2
1 -2
2 -2
1 -3
3 -3
1 -2
2 -2
2 -2
3 -3
2 -1
3 -2
3 -2
2 -2
2 -2
3 -1
2 -1
2 -3
2 -1
2 -1
2 -2
2 -1
3 -2
3 -3
3 -3
4 -2
2 -3
2 -1
2 -2
1 -1
2 -2
1 -3
1 -1
1 -2
1 -1
0 -1
1 -1
0 -1
0 -1
1 -2
1 -3
2 -3
1 -2
0 -2
0 -1
0 -1
1 -1
1 -1
0 -1
0 -1
1 -1
1 -1
1 0
1 -1
1 -1
1 0
1 -1
1 -1
1 -1
1 0
1 -1
1 -1
1 -1
1 0
1 -1
***click***
0 0
-2 2
-2 1
-2 3
-4 2
-4 4
-6 3
-5 5
-8 5
-8 6
-10 6
-10 6
-12 6
-11 7
-14 9
-13 8
-11 7
-8 3
-13 6
-11 5
-12 4
-11 4
-13 5
-10 4
-7 3
-7 1
-4 1
-3 1
-1 0
0 1
0 1
0 1
0 1
-1 1
-1 1
-1 1
-1 1
-2 2
-2 1
-3 2
-4 3
-4 3
-6 3
-5 3
-3 2
-3 2
-3 3
-3 3
-3 2
-2 2
-2 2
-3 2
-3 2
-3 1
-4 2
-4 2
-3 2
-3 1
-3 1
-1 1
-1 0
0 1
-1 0
-3 0
-3 -1
-3 -1
-3 0
-3 -1
-3 0
-4 -1
-4 0
-4 0
-5 -1
-4 0
-4 0
-2 0
0 1
0 1
0 1
1 0
0 1
1 0
1 0
0 1
1 0
1 0
1 0
1 0
1 0
1 0
-1 0
-1 0
0 -1
***click***
***click***
0 0
1 -1
1 -1
1 -1
1 -1
0 -1
1 -1
1 2
2 1
2 1
3 2
6 3
6 2
6 2
5 2
3 1
1 0
0 -1
-2 -3
-6 -3
-4 -5
-7 -5
-10 -7
-10 -8
-14 -9
-15 -10
-16 -10
-14 -13
-16 -12
-15 -11
-13 -10
-11 -9
-11 -7
-8 -5
-7 -5
-4 -3
-2 -2
-1 -1
-1 -1
0 -1
0 -1
0 -1
1 -2
0 -1
0 -1
1 0
0 -2
-1 -2
-1 -2
-1 -1
-1 -2
-1 -2
-1 -2
-1 -3
-2 -3
-2 -3
-3 -4
-3 -6
-3 -4
-3 -4
-2 -3
-2 -3
-1 -2
-1 -1
-1 -2
0 -1
0 1
0 2
1 1
0 1
1 1
1 1
0 2
0 1
0 1
0 1
0 1
0 1
0 1
0 1
0 1
0 1
0 1
0 1
0 1
0 1
0 1
0 -1
0 -1
0 -1
0 -1
***click***
0 0
1 0
2 0
2 0
3 0
2 0
3 0
4 0
3 0
5 1
4 0
4 0
4 0
4 0
4 0
4 0
3 0
3 0
3 0
2 -1
2 0
1 0
1 -1
1 0
1 -1
1 0
1 -1
1 0
1 -1
1 0
1 -1
2 0
1 -1
1 0
1 -1
2 0
1 0
0 -1
1 0
1 0
1 0
1 0
1 0
0 1
***click***
0 0
0 1
3 4
2 4
3 4
3 3
3 5
3 5
5 5
4 5
4 4
3 6
4 5
5 6
5 6
5 5
4 6
4 7
2 5
3 5
1 5
2 5
1 5
2 5
0 5
2 5
1 4
1 4
1 5
2 4
1 4
1 5
2 3
1 5
2 3
1 3
1 4
2 3
1 3
2 2
1 3
1 3
1 2
1 3
1 3
1 2
2 3
1 2
1 3
1 2
1 3
1 1
0 2
0 2
1 1
0 1
1 1
0 1
0 1
1 1
0 1
0 2
0 1
1 1
0 2
0 1
1 2
0 2
0 1
1 1
0 2
2 1
0 2
1 2
0 1
1 1
0 1
0 1
1 1
0 1
0 1
2 3
1 3
2 2
2 3
2 3
2 4
3 4
2 2
4 3
3 1
2 2
3 1
2 1
3 1
2 1
1 1
1 0
2 1
1 0
1 0
1 1
1 0
2 1
1 0
1 1
1 0
1 0
1 0
1 0
1 -1
1 0
0 -1
1 0
0 -1
1 -1
1 -1
0 -1
1 0
***click***
0 0
-1 -2
-1 -1
-1 -2
-1 -1
0 -1
-1 -3
-1 -3
-2 -2
-1 -4
-2 -3
-2 -5
-1 -4
-4 -7
-4 -6
-3 -6
-2 -7
-4 -7
-1 -6
-2 -7
-1 -7
-2 -6
-1 -8
-1 -7
-3 -7
-2 -6
-2 -6
0 -5
-1 -4
0 -4
1 -2
0 -3
0 -2
0 -2
0 -2
0 -2
1 -2
0 -3
0 -2
0 -2
0 -3
0 -3
0 -3
0 -3
0 -3
-1 -2
-1 -3
-2 -2
-2 -3
-3 -3
-4 -2
-3 -3
-2 -1
-2 -2
-1 -1
-2 -2
-2 -2
-1 -2
-2 -3
-2 -3
-1 -3
0 -2
-1 -1
-1 -1
0 -2
0 -1
-1 -1
0 -2
0 -2
0 -2
0 -2
0 -3
0 -2
-1 -3
0 -2
0 -2
0 -2
-1 -2
0 -2
0 -2
-1 -2
0 -3
-1 -2
0 -2
-1 -2
0 -1
0 -2
-1 -1
0 -1
0 -1
0 -1
-1 -1
0 -1
0 -1
0 -1
0 -1
0 -1
-1 0
***click***
0 0
2 0
4 2
4 2
6 3
5 3
6 2
6 3
6 3
7 4
7 3
7 3
7 3
6 2
6 2
5 2
4 2
4 2
3 1
4 2
3 1
3 1
2 1
2 1
1 1
1 1
1 1
0 1
1 1
0 2
1 1
0 2
0 1
0 1
1 1
0 1
0 1
1 0
0 1
1 1
0 1
1 1
0 1
1 1
1 2
0 1
1 1
1 1
1 1
0 1
1 1
0 1
1 2
0 1
0 1
0 1
0 1
0 1
1 1
0 1
***click***
0 0
-3 -1
-6 -2
-4 -3
-7 -3
-8 -3
-9 -3
-10 -3
-12 -4
-13 -4
-12 -4
-13 -4
-13 -3
-13 -3
-10 -3
-12 -3
-11 -3
-12 -3
-9 -3
-10 -1
-8 -2
-9 -1
-6 -2
-5 -1
-4 -1
-3 -1
-2 0
-1 0
0 -1
-1 0
-1 0
-3 -1
-3 -1
-4 -1
-3 -1
-5 0
-5 -1
-5 -1
-4 0
-4 -1
-4 0
-3 0
-4 0
-3 0
-3 0
-3 0
-2 0
-3 -1
-2 0
-2 0
-2 0
-1 0
-1 0
-1 0
-1 0
-2 0
-1 1
-1 0
-1 0
-1 0
0 -1
0 -1
0 -1
0 -1
0 -1
0 -1
1 -1
0 -1
1 -1
0 -1
1 0
0 -1
1 -1
0 -1
1 -1
***click***
0 0
1 0
3 2
4 4
5 5
7 5
7 5
7 6
7 5
9 6
9 6
10 6
9 6
12 9
11 8
9 10
12 9
10 7
11 7
11 6
8 7
10 6
7 6
9 6
8 6
6 6
9 5
9 7
5 6
5 7
4 5
3 5
3 4
2 5
3 4
2 4
3 4
2 4
2 4
2 3
2 3
1 3
2 3
0 2
1 2
0 1
0 1
1 0
-1 0
-1 0
-1 0
-2 -1
-1 -1
-1 0
-1 0
-1 -1
-1 0
-1 0
-1 0
-1 0
0 -1
0 1
1 2
0 1
0 1
0 1
1 2
1 2
1 2
1 2
1 2
2 2
1 2
2 2
2 1
1 2
2 1
1 1
1 0
1 1
2 1
2 1
1 1
2 0
1 0
1 1
1 0
1 0
1 0
1 0
1 0
1 0
1 0
***click***
0 0
5 0
5 -1
5 -1
6 -1
7 -1
9 -2
8 -2
13 -3
10 -3
14 -4
13 -3
13 -5
14 -7
13 -6
13 -7
14 -9
11 -6
9 -6
9 -8
9 -5
8 -6
6 -5
5 -3
3 -2
3 -1
1 -1
1 -1
1 -2
1 -2
1 -3
1 -4
1 -3
1 -3
2 -2
1 -4
1 -3
1 -4
1 -3
1 -4
1 -3
1 -3
1 -3
2 -3
2 -5
2 -4
1 -2
1 -3
1 -2
1 -2
0 -2
1 -2
0 -3
1 -2
0 -1
1 0
1 0
1 0
1 0
1 0
1 0
1 0
1 0
1 0
1 0
1 0
1 0
1 0
1 0
1 0
1 0
1 0
1 0
2 0
1 0
1 0
-1 0
0 -1
-1 0
-1 0
-1 0
-1 0
-1 1
-1 0
0 1
***click***
0 0
-1 0
-2 0
-3 0
-3 0
-5 -1
-6 0
-9 -1
-10 0
-13 -2
-16 -1
-19 -3
-20 -2
-21 -3
-21 -2
-21 -1
-19 -3
-21 -2
-19 -2
-18 -3
-17 -2
-15 -1
-14 -1
-12 -1
-12 -1
-10 0
-9 -1
-6 -1
-1 0
0 1
0 2
-1 3
-3 2
-4 0
-4 -1
-8 0
-13 0
-14 0
-15 -1
-16 -1
-15 -1
-14 -1
-12 -1
-12 -1
-12 -1
-13 0
-13 -1
-14 -1
-18 0
-16 -1
-16 -1
-14 0
-11 0
-10 0
-7 0
-6 0
-5 0
-4 1
-2 0
-2 0
-1 0
-2 0
-2 0
-4 1
-4 0
-4 1
-4 2
-3 1
-4 2
-4 2
-4 1
-3 2
-3 2
-4 3
-2 1
-3 2
-1 2
0 1
-1 0
0 1
0 1
1 1
1 1
0 1
0 1
1 0
1 1
1 1
1 0
1 1
1 1
1 1
1 0
1 1
1 0
0 1
***click***
0 0
0 1
1 3
1 2
1 1
0 3
2 2
1 3
2 3
2 2
1 4
1 2
1 2
2 3
1 3
2 2
0 1
1 2
1 1
1 1
0 2
2 2
1 3
2 2
1 2
1 2
1 1
0 2
1 0
0 1
1 0
0 1
0 1
1 0
0 1
1 1
0 1
1 1
0 1
0 1
1 1
1 1
0 1
1 1
0 1
1 1
0 1
0 1
0 1
1 0
0 1
0 1
0 1
0 1
0 1
0 1
1 0
0 1
0 1
0 1
0 1
0 1
***click***
0 0
0 -1
1 -1
1 -1
3 -1
2 -2
3 -2
4 -2
4 -2
5 -3
2 1
7 -4
9 -4
8 -6
7 -5
8 -7
9 -6
10 -8
9 -7
7 -6
8 -7
8 -6
8 -6
6 -4
5 -4
5 -2
3 -2
3 -1
2 -1
2 -1
1 0
0 -1
1 0
1 -1
1 -1
1 -1
2 -1
2 -2
3 -1
2 -2
3 -1
3 -2
4 -2
4 -3
6 -3
5 -3
7 -3
5 -4
5 -3
5 -2
5 -3
5 -3
5 -3
5 -3
5 -3
4 -3
4 -2
3 -2
4 -2
3 -2
4 -2
3 -1
3 -2
2 -1
3 -1
2 -1
2 0
2 -1
1 0
1 0
2 0
3 0
3 0
3 0
2 0
3 0
3 1
3 0
4 0
3 1
4 0
4 0
3 0
2 0
1 0
2 0
1 0
1 0
1 0
3 0
1 0
2 0
2 0
2 0
1 0
2 0
2 0
2 0
1 0
1 0
0 1
***click***
0 0
1 1
1 2
0 1
1 2
1 2
1 1
1 3
1 3
1 3
1 4
1 3
2 3
1 5
1 4
1 6
2 4
1 5
2 5
1 6
1 5
1 5
1 5
2 4
1 4
1 5
2 5
1 4
2 4
2 4
3 5
2 5
2 7
2 6
1 7
1 6
1 7
0 7
0 7
-1 7
-2 8
-4 8
-4 8
-6 6
-7 5
-8 4
-7 1
-6 1
2 0
1 0
1 0
1 0
0 1
-2 1
-1 1
-1 1
-1 1
-2 1
-2 1
-2 1
-2 1
-2 2
-2 1
-2 1
-1 1
-1 1
-1 1
-1 0
-1 1
0 2
0 2
0 2
1 2
1 2
0 1
1 2
1 2
1 1
1 2
1 2
2 2
1 3
2 1
2 1
2 1
1 1
1 0
1 0
0 1
***click***
0 0
-1 -3
-3 -5
-3 -5
-5 -5
-5 -6
-7 -8
-7 -7
-10 -7
-10 -7
-10 -7
-9 -6
-9 -6
-9 -5
-9 -5
-9 -5
-8 -5
-8 -5
-8 -5
-8 -4
-8 -4
-6 -4
-7 -3
-5 -3
-4 -1
-4 -2
-4 -2
-3 -2
-3 -1
-3 -1
-3 -2
-4 -1
-4 -1
-4 -2
-4 -1
-4 -3
-4 -2
-4 -1
-3 -1
-3 -1
-1 -1
-1 -1
0 -1
0 -1
0 -1
0 -1
0 -2
1 -2
1 -1
1 -2
1 -2
0 -4
1 -2
0 -2
1 -2
0 -1
1 -1
0 -1
1 0
0 -1
1 0
***click***
0 0
3 0
6 0
6 -2
9 -1
8 -2
11 -2
9 -3
13 -3
12 -3
14 -3
15 -4
17 -3
14 -2
19 -4
16 -3
17 -3
18 -3
14 -2
17 -2
14 -1
14 -2
14 -2
12 -1
11 -1
10 0
10 -1
11 0
10 -1
11 -1
9 0
7 0
6 -1
6 0
5 0
6 0
6 0
4 0
4 -1
2 0
3 0
1 0
1 0
1 0
2 0
1 0
1 0
2 0
2 -1
3 0
4 -1
8 -1
8 -1
6 -1
4 0
5 0
4 -1
6 -1
9 -1
8 -1
5 0
3 0
1 0
-1 0
-1 0
-1 0
-1 1
-1 0
-1 0
-1 0
-1 0
-2 0
-3 -1
-2 0
-3 -1
-3 -1
-2 -1
-2 -2
-2 -1
-2 -2
-2 -2
-1 -1
-2 -2
-1 0
-1 -1
0 -1
0 -1
0 -1
0 -1
***click***
0 0
-2 0
-2 1
-2 1
-3 2
-3 2
-5 2
-4 3
-6 4
-7 4
-6 4
-7 4
-9 4
-8 5
-9 5
-9 4
-8 4
-8 3
-9 4
-8 3
-7 2
-9 4
-7 1
-7 3
-8 2
-8 2
-7 1
-6 2
-6 1
-5 2
-6 1
-5 0
-5 1
-5 1
-5 1
-3 0
-4 0
-3 1
-2 0
-2 0
-3 1
-2 0
-2 0
-2 0
-3 1
-2 0
-2 0
-2 0
-2 0
-1 0
-1 0
-2 0
-1 0
-2 0
-2 0
-2 0
-2 0
-3 1
-4 0
-3 0
-3 0
-4 0
-3 0
-3 0
-3 0
-3 0
-3 0
-3 0
-3 0
-3 0
-2 0
-2 0
-1 0
-1 0
0 -1
1 0
0 -1
1 -1
1 -1
1 -1
1 -1
1 -1
1 0
1 -1
1 0
1 -1
1 0
1 -1
1 0
1 0
1 0
1 0
0 1
0 1
0 1
0 1
0 1
***click***
0 0
1 2
-1 6
-1 5
0 4
0 3
-1 4
0 2
0 1
0 1
0 1
1 1
0 4
2 3
1 5
1 4
1 5
1 6
1 6
0 7
3 5
1 7
2 5
1 6
3 5
3 6
2 5
3 5
1 4
3 5
2 4
2 4
2 5
1 4
2 3
1 3
0 4
1 3
0 3
0 2
0 2
0 1
0 1
1 0
1 0
2 0
1 1
2 1
2 1
3 2
3 2
4 2
4 2
3 3
3 2
2 1
1 1
1 0
***click***
0 0
-2 -1
-3 -2
-3 -1
-3 -3
-3 -3
-4 -4
-5 -6
-5 -4
-6 -7
-5 -5
-6 -7
-7 -8
-6 -6
-5 -9
-6 -8
-5 -8
-6 -8
-4 -9
-5 -9
-4 -9
-3 -8
-3 -9
-4 -7
-2 -9
-2 -9
0 -7
-1 -8
-1 -8
0 -8
0 -7
0 -7
1 -6
0 -6
1 -6
1 -5
0 -5
0 -4
1 -6
0 -5
0 -4
0 -3
0 -3
0 -3
0 -2
0 -1
-1 -1
-1 0
-2 0
-2 0
0 -1
-1 0
-1 0
-1 0
-1 0
-1 0
-2 0
-1 0
-1 -1
-1 0
-1 0
-1 0
***click***
0 0
2 2
2 1
2 1
2 2
3 2
3 2
3 2
4 2
3 3
4 3
5 2
4 3
4 3
5 2
4 3
4 2
4 3
4 2
3 2
3 3
3 1
3 2
2 2
3 1
2 2
2 1
2 1
2 1
1 1
1 1
2 1
1 1
1 1
1 1
2 1
2 2
2 1
2 1
2 1
3 1
2 1
2 1
2 1
2 1
2 1
2 1
1 0
2 0
1 1
2 0
1 0
1 0
0 1
1 0
0 1
1 0
1 1
1 0
0 1
0 1
1 1
0 1
0 1
1 0
0 1
0 1
0 1
***click***
0 0
-2 -2
-2 -1
-2 -2
-4 -2
-6 -3
-6 -3
-8 -4
-8 -4
-11 -4
-11 -4
-11 -4
-11 -4
-10 -4
-13 -4
-13 -3
-13 -3
-11 -3
-11 -4
-12 -2
-11 -3
-10 -3
-7 -2
-7 -1
-5 -1
-4 -1
-2 -1
-2 0
-2 0
-3 -1
-3 0
-4 0
-5 -1
-4 -1
-4 0
-3 0
-4 0
-3 0
-3 0
-3 0
-3 0
-3 0
-2 1
-3 0
-2 0
-3 0
-2 0
-1 0
-1 0
-1 0
-1 0
-1 0
-1 0
-1 0
-1 0
-1 0
-1 0
-2 0
-1 0
-2 0
-2 0
-1 0
-1 -1
-1 -1
-1 0
0 -1
-1 -1
0 -1
-1 0
-1 -1
-1 -1
-1 -1
-1 0
0 -1
-1 0
-1 0
-1 0
0 -1
-1 0
0 -1
***click***
0 0
1 0
3 2
3 4
5 4
5 6
5 7
6 6
6 6
7 6
7 7
7 6
6 7
9 6
9 5
7 6
8 5
6 4
6 4
7 5
6 3
6 4
6 4
5 4
5 4
5 3
4 5
6 4
5 5
5 6
3 6
6 6
5 6
5 7
4 6
7 8
5 6
7 6
5 6
6 5
6 4
5 4
6 5
4 4
5 3
4 3
3 3
4 2
4 3
3 4
3 3
3 2
2 1
1 1
1 1
1 0
2 1
2 0
2 1
2 0
3 0
3 1
3 0
4 0
4 1
4 0
4 0
4 0
3 0
3 0
2 0
2 -1
2 -1
0 -2
-1 -2
-2 -2
-4 -2
-4 -3
-5 -3
-1 0
2 -1
3 -1
6 -1
5 -3
6 -2
6 -3
7 -4
4 -1
-1 2
5 -3
7 -4
7 -4
7 -5
6 -5
6 -3
5 -5
6 -4
7 -5
7 -5
6 -6
6 -5
4 -4
4 -4
4 -5
5 -4
4 -6
3 -4
3 -3
2 -3
1 -3
2 -4
1 -3
1 -3
1 -2
0 -1
1 -2
1 -1
0 -2
1 -1
1 0
0 -2
2 -3
1 -2
0 -1
1 -1
0 -1
1 -1
0 -1
1 -1
1 -2
0 -1
1 0
0 -1
0 -1
0 -1
0 -1
1 -1
0 -1
0 -1
1 -1
1 -1
0 -1
1 0
***click***
0 0
-1 0
-3 0
-9 2
-11 0
-16 1
-18 -1
-15 -3
-1 0
-17 -3
-24 -3
-24 -3
-18 -3
-16 -3
-15 -4
-12 -3
-8 -4
-5 -2
-4 -2
-2 -1
-1 0
1 0
1 0
1 0
2 -2
0 -1
1 3
3 3
1 3
-1 0
-2 0
-6 -3
-7 -3
-10 -2
-11 -3
-10 -4
-9 -4
-9 -4
-10 -4
-9 -5
-11 -4
-11 -5
-11 -4
-10 -4
-10 -3
-8 -4
-8 -3
-6 -2
-5 -3
-4 -1
-3 -1
-1 -1
-1 0
-1 0
-1 0
-2 0
-2 0
-3 0
-3 1
-4 0
-4 0
-4 0
-4 0
-5 0
-4 0
-5 0
-4 0
-4 1
-5 0
-4 0
-3 0
-3 -1
-2 0
-2 0
-1 0
-1 0
-2 0
-2 1
-2 0
-2 1
-2 0
-1 1
-2 0
-2 0
-2 1
-2 0
-2 1
-2 0
-2 0
-1 0
-1 1
-1 0
0 1
1 0
0 1
1 0
0 1
1 0
1 0
1 1
1 0
1 0
0 1
1 0
1 0
1 0
1 0
1 0
1 0
1 0
1 0
0 -1
2 0
1 -1
***click***
0 0
1 0
1 0
2 0
3 0
4 2
5 0
6 2
9 1
8 0
10 1
11 2
11 1
12 2
13 1
13 1
13 1
13 1
11 0
13 0
11 0
10 -1
10 0
8 -1
8 -1
6 0
5 -1
3 0
3 -1
1 0
1 0
1 0
2 0
2 0
2 0
2 1
1 0
2 0
1 0
1 0
1 1
1 0
1 0
1 0
1 0
0 -1
1 -1
1 -1
0 -1
1 0
1 -1
0 -1
1 0
1 -1
1 -1
0 -1
***click***
0 0
2 0
2 0
4 1
3 0
4 1
5 0
5 1
7 0
7 1
7 0
8 1
8 0
8 0
8 0
7 0
8 1
8 0
7 0
7 0
6 -1
6 0
4 -1
4 -1
3 -1
2 -1
2 -1
1 -1
1 0
0 -1
1 0
2 0
1 0
1 0
0 -1
2 0
2 0
2 0
1 0
1 0
1 0
1 0
2 0
1 -1
1 0
1 0
1 0
2 0
1 0
1 0
1 0
***click***
0 0
-1 0
-1 0
-2 0
-3 0
-4 0
-6 1
-6 0
-8 0
-7 1
-9 0
-9 1
-9 0
-10 1
-8 1
-9 0
-10 1
-9 1
-10 1
-9 1
-10 2
-9 1
-8 1
-8 1
-8 0
-7 1
-6 1
-8 1
-7 2
-7 1
-7 2
-7 1
-6 1
-6 2
-6 1
-6 1
-5 1
-6 2
-4 1
-6 1
-5 1
-4 0
-4 1
-4 0
-4 1
-5 1
-3 0
-4 1
-4 2
-3 1
-5 2
-4 1
-4 2
-5 3
-5 2
-4 2
-5 3
-6 3
-4 3
-5 2
-4 2
-5 2
-4 2
-4 2
-3 1
-3 2
-4 2
-2 1
-1 -1
1 1
-2 0
-2 1
-1 1
-1 0
-1 1
-1 0
-1 0
-2 0
-1 1
-2 0
-2 0
-2 0
-3 -1
-2 0
-3 -1
-3 0
-4 0
-3 -1
-3 0
-4 0
-4 -1
-3 0
-3 -1
-2 0
-2 0
-3 -1
-2 0
-1 0
-1 0
***click***
0 0
0 -1
1 -1
1 0
1 -1
1 -1
2 0
2 -1
2 -1
2 -1
3 -1
1 -1
3 -1
2 0
2 -1
3 -1
4 -1
3 -1
5 -1
4 -1
5 0
5 -1
7 0
8 -1
7 0
8 0
9 -1
10 -1
9 -1
8 -1
10 0
9 0
11 0
9 0
10 0
10 0
10 0
9 0
9 0
7 1
6 0
4 -1
2 0
1 -1
1 -2
0 -1
-2 0
1 0
1 0
1 1
1 0
1 0
2 0
2 -1
4 -1
4 0
4 -1
5 0
4 0
4 -1
6 0
4 0
6 0
5 -1
6 0
6 0
6 -1
7 0
6 0
6 0
6 -1
6 0
5 -1
6 0
5 -1
5 -1
6 0
4 -1
3 -1
3 -1
2 -1
3 -1
1 0
1 -2
1 0
1 -1
1 -1
1 0
2 -2
1 0
1 -1
1 -2
1 -1
1 -2
2 -1
1 -2
1 -1
2 -2
1 -1
1 -1
1 -1
2 -1
2 -1
1 -1
1 0
2 -1
2 -1
2 -1
1 0
3 -2
3 -1
2 -1
3 0
3 -1
2 -1
3 -2
3 0
3 -2
4 -2
2 -2
2 0
1 -1
1 -1
1 0
1 -1
1 0
0 -1
1 0
***click***
0 0
-2 1
-2 1
-2 1
-2 2
-4 2
-4 3
-4 2
-5 3
-5 2
-6 2
-7 2
-7 2
-7 3
-8 2
-6 3
-8 1
-6 3
-4 1
-5 2
-3 2
-3 1
-3 2
-3 1
-3 1
-2 1
-3 2
-2 0
-1 2
-2 1
-2 1
-1 2
-2 1
0 1
-2 1
-1 1
-1 1
-1 2
-1 1
-1 2
-1 1
-1 2
-1 2
0 2
-1 4
0 3
-2 3
0 3
-1 3
0 3
0 2
0 2
0 2
0 1
1 0
1 0
2 0
1 0
2 -1
2 0
2 0
2 0
2 -1
2 0
1 0
1 0
1 0
1 0
1 0
-1 0
-1 -1
-1 0
-1 0
-1 0
0 -1
***click***
0 0
-1 -1
0 -1
2 0
4 0
2 1
1 1
1 2
0 2
-2 2
-2 0
-2 0
-3 -1
-6 -3
-8 -3
-10 -3
-9 -2
-9 -4
-8 -2
-8 -4
-10 -3
-10 -4
-13 -6
-16 -5
-15 -5
-14 -5
-17 -6
-15 -5
-15 -4
-12 -4
-12 -2
-8 -2
-7 0
-9 -2
-7 -2
-8 -1
-6 -1
-4 0
-2 0
-1 0
-2 1
-3 0
-1 1
-2 0
-3 1
-3 0
-4 0
-5 0
-5 1
-4 0
-4 0
-3 0
-1 0
-1 0
0 -1
0 -1
0 -1
0 -1
0 -1
0 -1
-1 -2
0 -1
0 -1
-1 -1
0 -1
0 -1
***click***
0 0
-1 1
-3 2
-3 1
-4 3
-3 3
-6 3
-6 5
-6 4
-6 5
-7 4
-7 5
-6 4
-6 5
-6 5
-6 4
-5 4
-4 3
-3 2
-3 2
-1 1
0 1
-1 0
0 1
0 1
-1 1
-1 0
0 1
-2 1
-1 1
-1 1
-1 1
0 1
-1 0
-1 1
-1 1
-1 0
-1 1
-1 1
-2 0
-1 1
-1 0
-1 0
-1 0
-1 1
-3 0
-2 1
-1 1
-2 0
-1 0
-2 1
-1 0
-1 0
-1 1
-1 0
0 -1
0 -1
1 0
0 -1
1 -1
***click***
0 0
1 0
1 0
1 0
2 -1
2 0
2 -1
3 -1
2 -1
5 -2
4 -1
6 -1
6 -2
6 -1
7 -2
7 -2
8 -2
8 -2
10 -2
7 -3
8 -3
8 -4
7 -3
7 -3
6 -3
6 -3
5 -3
6 -3
2 -1
5 -2
3 -3
4 -1
3 -2
3 -1
2 -2
1 -2
1 0
1 0
0 -1
0 -1
1 0
1 -1
1 -1
1 -1
2 0
1 -1
2 0
2 -1
3 0
2 0
4 0
4 0
4 0
5 0
3 0
4 0
4 0
4 0
4 0
4 0
3 0
2 0
2 -1
1 0
1 0
1 -1
-1 -1
-1 -1
-1 0
-1 -1
-1 -1
-1 0
-1 -1
-1 0
0 -1
-1 -1
-1 0
-1 -1
-1 0
0 -1
-1 0
-1 -1
-1 0
0 -1
-1 0
0 -1
-1 0
0 -1
-1 0
0 -1
-1 0
***click***
-1 0
-1 1
-1 2
-1 2
-2 2
-1 3
-2 2
-2 4
-2 2
-1 3
-2 3
-2 3
-2 2
-1 2
-2 2
-1 3
-1 1
-1 2
0 1
-1 2
-1 1
0 2
-1 2
0 1
0 2
0 2
-1 2
0 2
-1 1
0 2
-1 2
0 1
-1 2
-1 2
-1 3
-1 2
-1 2
0 1
-1 1
-1 2
0 1
-1 1
-1 1
0 1
-1 1
0 1
-1 0
0 1
***click***
0 0
1 0
2 -1
3 0
2 -1
3 0
3 -2
2 -2
1 -2
0 -2
0 -1
0 -1
0 1
0 1
0 1
1 0
2 1
1 0
3 0
3 1
3 0
4 0
5 1
6 0
7 0
10 1
11 1
13 1
13 1
12 0
12 -1
10 -1
8 -2
10 -2
7 -3
7 -2
5 -2
4 -1
3 -1
2 -2
2 0
1 -1
1 -1
2 0
2 -1
4 -1
3 -2
6 -2
6 -2
3 -1
6 -3
3 -3
5 -2
0 -1
0 1
2 1
3 0
5 1
8 1
10 0
8 0
7 -2
5 -3
4 -3
4 -3
3 -3
3 -4
3 -4
4 -4
1 -3
2 -4
2 -3
1 -3
0 -3
1 -2
0 -1
0 -1
-1 -1
-2 0
-3 -1
-3 -1
-5 0
-5 -1
-6 -1
-6 0
-7 -1
-6 0
-5 0
-5 0
-4 0
-3 1
-3 0
-2 0
-2 0
-1 1
0 1
0 1
0 1
-1 0
-1 1
-1 0
-1 0
-1 0
-1 1
-1 0
-2 0
-1 0
-2 0
-1 0
-1 0
-1 1
-1 0
-1 0
***click***
0 0
2 0
3 1
5 2
6 3
6 3
8 3
9 3
9 3
8 3
9 1
8 1
9 1
8 0
8 1
8 0
6 0
8 0
5 -1
4 0
3 0
4 -1
3 0
3 -1
3 -1
3 0
2 -1
3 -1
3 0
3 -1
3 0
2 -1
2 -1
2 0
1 0
3 -1
2 0
3 0
3 -1
4 0
3 0
4 0
4 -1
4 -1
4 -1
4 0
4 0
4 -1
3 0
3 0
3 0
3 -1
2 0
3 0
2 0
1 0
3 0
1 -1
3 0
2 0
2 0
2 -1
1 0
1 0
2 0
0 -1
1 0
0 -1
1 0
0 -1
0 -1
0 -1
1 0
0 -1
0 -1
1 -1
0 -1
1 -1
0 -1
1 0
0 -1
1 0
-1 0
0 1
0 1
***click***
0 0
-1 0
-1 0
-1 1
-2 0
-1 1
-3 1
-2 1
-5 1
-4 2
-5 1
-5 1
-6 0
-6 1
-7 0
-8 0
-8 1
-8 0
-9 0
-7 0
-8 0
-8 -1
-7 0
-6 0
-6 0
-6 0
-5 0
-4 0
-3 0
-2 0
-2 0
-1 0
-1 0
-1 -1
-1 0
-1 -1
-2 0
-2 0
-2 0
-2 0
-3 -1
-2 0
-2 0
-2 0
-1 0
-1 0
-1 0
-1 0
0 -1
0 -1
0 -1
0 -1
0 -1
0 -1
***click***
0 0
1 2
1 2
1 2
2 3
1 2
1 3
1 2
2 2
1 3
1 1
1 2
1 2
1 1
2 1
2 1
1 2
1 1
2 1
2 2
1 1
2 1
1 2
2 1
2 2
2 1
2 2
3 1
2 2
2 1
3 2
2 2
3 1
3 2
3 1
2 2
3 2
3 1
3 2
3 1
2 1
3 2
3 2
2 1
3 2
3 1
3 1
4 2
3 1
3 2
4 1
4 1
4 1
4 1
4 0
4 2
3 1
4 1
4 1
4 1
4 0
3 1
3 0
2 0
2 1
2 0
2 0
1 0
1 0
1 0
1 0
2 0
2 0
3 -1
2 0
3 0
3 0
3 0
3 0
3 0
4 0
3 0
3 0
2 0
2 0
2 0
1 0
1 0
1 0
1 0
1 0
1 -1
1 0
0 -1
1 0
1 -1
1 -1
1 0
0 -1
1 0
0 -1
1 0
0 -1
***click***
0 0
-1 0
-1 0
-1 0
-2 -1
-4 -2
-5 -2
-5 -2
-5 -2
-7 -3
-7 -3
-7 -3
-8 -3
-9 -2
-7 -3
-8 -3
-6 -2
-6 -2
-4 -2
-4 -2
-3 -2
-4 -1
-3 -2
-2 -2
-2 -1
-1 -1
-1 0
0 -1
0 -1
0 -1
0 -1
0 -1
0 -1
0 -2
-1 -1
0 -2
0 -3
0 -2
-1 -3
-1 -2
0 -2
0 -2
0 -2
0 -2
-1 -2
-1 -1
0 -2
-1 -2
-1 -2
-1 -1
0 -1
0 -1
-1 0
0 -1
0 -1
-1 -1
-1 0
-1 0
0 1
-1 0
0 1
0 1
-1 0
-1 1
-1 0
-1 1
***click***
0 0
0 1
0 1
1 1
1 2
1 2
1 2
1 1
1 2
2 3
1 2
2 2
1 3
2 2
1 2
1 2
1 2
2 2
1 2
1 3
1 1
1 2
1 2
0 1
1 2
0 1
1 1
0 1
0 1
1 0
0 2
0 1
0 1
1 2
0 1
1 2
1 1
1 2
1 1
1 1
0 1
1 1
0 1
1 1
0 1
1 1
0 1
1 1
1 0
0 1
0 1
1 0
0 1
0 1
1 0
0 1
0 1
0 1
0 1
0 1
0 1
0 1
0 1
0 1
0 1
0 1
-1 0
0 1
0 1
***click***
0 0
-1 -1
-1 -1
-1 -1
-2 -2
-2 -2
-3 -2
-5 -2
-7 -3
-8 -4
-10 -4
-11 -4
-12 -4
-13 -5
-14 -4
-14 -4
-14 -4
-14 -3
-12 -4
-12 -4
-14 -4
-13 -4
-12 -4
-12 -2
-9 -3
-9 -2
-6 -1
-5 -2
-4 -1
-2 -1
-1 -1
-1 -2
-1 -1
3 1
4 2
1 1
1 0
-2 1
-2 2
-4 1
-5 1
-5 0
-5 1
-8 0
-6 -1
-8 0
-7 0
-7 1
-7 0
-5 0
-7 0
-6 0
-7 0
-8 0
-9 0
-9 -1
-11 0
-11 0
-9 0
-9 0
-7 0
-6 -1
-5 0
-5 0
-4 0
-3 0
-3 0
-3 0
-2 0
-1 0
-1 0
-3 1
-2 1
-2 0
-2 1
-2 0
-1 1
-1 0
-1 0
-1 1
-1 0
-1 0
-2 0
-2 0
-1 0
-2 0
-1 0
-1 0
0 -1
-1 -1
0 -1
-1 -2
-1 -2
-1 -2
-1 -2
-1 -2
-1 -2
-2 -2
0 -1
-1 -1
-1 -1
0 -1
***click***
0 0
0 1
1 1
1 2
1 1
0 2
1 1
1 2
1 1
1 1
1 1
0 1
1 1
1 2
1 1
1 2
1 1
0 1
1 2
0 2
1 1
1 2
1 2
2 3
1 2
1 2
1 2
0 1
1 1
0 1
1 0
0 1
1 1
0 2
0 1
1 1
0 1
1 1
1 2
1 2
1 2
1 3
1 3
2 3
1 2
1 2
1 2
1 2
1 2
1 1
1 0
0 1
1 0
0 1
1 0
0 1
1 0
0 1
0 1
1 1
0 1
1 1
0 1
1 0
0 1
0 1
1 1
0 1
***click***
0 0
-4 0
-4 0
-5 0
-5 -1
-6 0
-7 -1
-7 0
-8 0
-8 -1
-6 0
-4 0
-2 0
-2 -1
-1 0
-1 0
-1 0
-1 0
-1 0
-2 0
-2 0
-2 -1
-3 0
-2 0
-3 0
-3 0
-2 0
-2 0
-1 0
-1 0
-1 0
-1 0
-1 1
-1 0
1 1
1 1
1 0
1 1
2 1
1 0
1 1
2 0
1 0
1 0
1 0
1 0
1 0
1 0
1 0
-1 0
***click***
0 0
2 0
3 0
3 0
5 0
4 1
5 0
6 1
8 0
8 1
9 0
10 2
12 1
15 1
15 0
15 1
15 1
17 0
16 0
16 0
17 0
15 -1
16 -1
16 -3
13 -1
15 -2
14 -1
14 -1
12 -1
11 -1
10 -1
9 -1
8 -1
7 -2
4 -2
2 -3
1 -2
0 -3
3 0
3 1
6 1
9 1
9 2
10 3
10 3
10 1
6 0
5 1
3 0
3 0
4 0
4 0
5 0
4 1
5 0
3 1
3 0
2 0
2 0
1 0
1 0
1 0
1 0
1 0
2 0
1 0
3 0
3 0
2 0
2 0
1 0
1 0
1 0
3 1
2 1
2 0
1 0
1 0
1 0
0 1
***click***
0 0
-1 0
-4 -1
-5 -1
-7 -2
-8 -1
-11 -2
-12 -2
-13 -1
-14 -1
-15 -2
-15 0
-15 -1
-15 0
-17 -1
-13 -1
-16 -1
-16 -1
-14 0
-14 0
-14 0
-13 -1
-10 -1
-10 -1
-7 -2
-6 -1
-4 -1
-2 -2
-1 0
-2 -2
-1 -2
-1 0
2 0
5 3
3 3
0 1
-1 0
-4 0
-6 0
-11 -1
-12 -3
-10 -3
-13 -4
-12 -4
-11 -4
-12 -5
-11 -6
-12 -5
-11 -4
-11 -4
-9 -3
-8 -3
-6 -2
-5 -2
-4 -1
-3 -2
-2 0
-1 -1
-1 -1
-1 0
-1 -2
0 -1
-2 0
-1 -2
-1 -1
-1 -1
-1 0
-1 -1
-1 0
0 -1
-1 0
1 2
0 1
0 1
0 1
1 0
0 1
1 0
0 1
***click***
0 0
3 0
3 0
5 0
5 -1
6 0
6 0
7 0
7 0
8 -1
9 0
8 0
8 -1
7 0
7 0
6 -1
5 0
4 0
4 0
3 -1
3 0
1 0
1 0
1 0
1 0
1 0
1 0
1 0
1 0
2 0
1 0
2 0
1 0
2 0
2 0
2 0
2 0
3 0
2 0
2 0
2 0
2 0
2 1
2 0
2 0
2 0
1 0
2 0
2 0
1 0
2 1
2 0
2 0
1 0
1 0
1 0
1 0
1 0
1 0
0 1
***click***
0 0
-1 3
-3 4
-3 3
-3 5
-3 3
-3 4
-4 4
-2 4
-4 4
-2 3
-4 4
-3 5
-3 5
-4 5
-3 5
-4 4
-4 4
-3 5
-3 4
-3 3
-2 2
-3 3
-1 1
-2 1
-1 1
0 1
0 1
-1 0
0 1
0 1
0 1
0 1
0 1
-1 2
0 2
0 2
0 1
0 2
-1 2
0 2
0 2
0 1
-1 3
-1 2
0 2
0 2
0 2
0 2
0 2
0 3
0 2
0 3
0 2
0 3
0 3
0 3
-1 3
-2 4
-1 3
-2 4
-2 4
-2 4
-2 5
-2 4
-2 4
-2 5
-1 4
-1 4
-2 4
-1 2
-1 3
0 2
-1 0
0 -1
0 -1
1 -1
0 -2
0 -1
1 -2
0 -2
0 -2
0 -2
0 -1
0 -2
1 -1
0 -2
0 -2
1 -1
0 -2
1 -1
0 -2
1 -1
0 -1
1 -2
0 -1
1 -1
1 0
1 0
0 1
1 0
1 0
0 1
***click***
0 0
0 -1
3 -1
1 -1
2 -1
3 -1
2 -1
3 -2
2 -1
2 -2
2 -1
1 -3
0 -2
-1 -1
1 0
1 0
1 0
2 0
1 0
2 0
2 0
1 0
1 0
2 0
1 0
2 0
2 -1
2 0
2 0
1 0
3 0
3 0
2 0
1 -1
2 0
0 -1
1 0
1 -1
1 0
0 -1
1 -1
2 0
1 -1
1 -1
2 -1
2 -1
3 -2
3 -2
3 -1
4 -3
4 -3
4 -2
3 -1
3 -2
4 -2
4 -2
3 -3
4 -2
2 -2
3 -1
2 -2
3 -1
1 -1
1 -1
2 -1
1 -1
1 0
0 -1
2 0
2 -1
2 -1
3 -1
3 -1
4 -1
5 -2
4 -1
6 -2
5 -1
4 0
5 -1
3 0
3 -1
4 -1
2 0
3 0
2 -1
1 -1
1 0
1 -1
1 -1
1 0
2 -1
2 -1
1 -1
1 -1
2 0
2 -1
2 -1
2 -1
3 0
2 -1
2 -1
2 -1
2 -1
1 -1
0 1
1 0
-1 1
0 1
0 1
0 1
0 1
0 1
-1 0
0 1
***click***
0 0
-1 0
-4 -2
-4 -3
-4 -3
-5 -3
-6 -4
-6 -5
-6 -5
-8 -6
-6 -5
-6 -5
-4 -4
-4 -4
-2 -3
-2 -1
0 -2
-1 0
0 -1
0 -1
1 0
0 -1
1 0
1 -1
1 0
0 -1
1 -1
1 0
0 -1
1 0
1 -1
1 -1
1 -1
2 -1
2 -1
0 -1
2 -1
2 -2
2 -1
2 -1
1 -2
3 -2
3 -3
3 -3
2 -1
3 -2
2 -2
2 -3
2 -1
1 -2
1 -1
1 -2
1 -1
0 -1
-1 0
-1 0
-1 1
-1 1
-1 0
-1 1
-2 1
-1 1
-1 1
-1 1
0 1
-1 1
-1 1
0 1
-1 1
0 1
0 1
-1 0
0 1
0 1
0 1
***click***
0 0
-2 0
-2 1
-1 0
-2 0
-2 0
-3 1
-3 0
-3 1
-3 0
-4 1
-5 0
-5 1
-6 1
-6 1
-6 1
-7 0
-7 0
-7 0
-7 1
-7 0
-7 0
-7 0
-6 0
-7 0
-7 1
-6 0
-6 -1
-6 0
-5 0
-5 -1
-5 0
-5 0
-4 -1
-4 0
-3 -1
0 -2
0 1
0 1
1 2
-2 1
-1 0
0 1
-1 0
-1 0
-1 0
-1 0
-1 0
-1 0
-2 0
-2 0
-4 0
-5 -2
-7 -1
-8 -2
-8 -1
-7 -2
-8 -1
-8 -2
-8 -1
-9 -2
-9 -1
-7 -1
-8 -1
-6 -1
-7 0
-5 0
-6 0
-4 -1
-4 0
-4 0
-3 0
-2 0
-1 0
-1 0
0 -1
0 1
0 1
1 1
1 1
1 1
1 0
2 0
1 1
2 0
2 0
2 1
2 0
4 1
4 1
2 0
4 1
2 0
2 0
2 0
2 0
1 0
2 0
1 0
1 0
1 0
0 -1
1 0
1 0
1 0
1 0
1 0
1 0
1 0
1 0
1 0
1 0
1 0
1 0
1 0
1 0
1 -1
1 0
1 0
1 -1
***click***
0 0
1 0
1 0
0 -1
-1 -1
-2 -1
-3 -1
-4 -1
-2 -1
0 1
1 1
1 0
2 1
4 2
5 2
6 3
8 3
8 2
6 0
5 0
4 0
5 0
4 0
5 0
6 0
5 0
5 0
4 0
4 0
5 0
4 0
5 0
4 -1
4 0
3 0
3 0
2 0
3 0
2 0
1 -1
1 0
1 0
1 0
3 0
4 0
4 0
4 0
4 0
4 0
4 0
4 0
4 0
4 0
2 0
2 0
1 0
1 0
1 0
1 -2
2 0
1 0
0 -1
1 0
1 -1
1 0
1 -1
1 0
***click***
0 0
2 2
-2 5
-2 4
-2 5
-2 4
-3 5
-2 4
-1 4
-3 4
-2 5
-2 4
-2 3
-2 3
-2 3
-2 3
-1 3
-2 3
-1 3
-2 4
-1 2
-1 3
-2 3
-1 2
-2 4
-1 3
-2 2
-2 4
-1 2
-2 3
0 3
-2 3
-2 4
-1 5
-1 4
-2 5
-2 4
-2 4
-1 3
0 2
-1 2
0 2
0 1
-1 0
0 1
0 1
-1 1
0 1
-1 0
-1 1
0 1
-1 1
0 1
-1 0
0 1
-1 1
0 1
-1 1
0 2
-1 0
-1 2
0 1
-1 1
-1 2
0 2
-1 2
-1 3
-1 2
0 3
0 1
0 1
0 1
-2 0
-1 -1
-1 -1
-1 -1
-1 0
-1 -1
-1 0
-1 0
0 -1
-1 -1
***click***
0 0
0 -1
0 -1
0 -1
2 -1
1 -1
2 -1
3 -2
4 -3
5 -2
5 -3
6 -2
7 -3
7 -3
7 -3
6 -3
8 -3
8 -3
8 -3
8 -4
9 -3
8 -3
8 -5
8 -3
7 -4
5 -2
7 -3
6 -2
6 -3
5 -2
6 -3
5 -1
4 -2
4 -1
3 -1
2 -1
1 0
0 -1
1 -1
0 -1
0 -1
1 0
1 -1
1 0
1 -1
1 -1
2 -1
2 -1
2 -1
1 -1
1 0
2 0
1 0
2 0
1 0
1 -1
1 0
1 0
1 0
1 0
1 0
1 0
1 0
1 0
1 0
***click***
0 0
1 0
2 1
1 1
2 1
1 0
-1 -1
-3 -2
-5 -1
-1 0
0 1
1 0
2 0
2 -1
4 0
5 -1
5 -1
6 -2
5 -3
4 -3
5 -3
4 -3
4 -3
4 -4
5 -3
4 -4
5 -3
4 -3
4 -3
3 -4
3 -2
2 -2
2 -3
1 -3
2 -3
2 -2
2 -3
2 -2
1 -4
2 -3
2 -2
2 -3
2 -2
2 -1
1 -2
1 -1
0 -1
1 0
1 0
1 0
3 0
2 0
2 -1
3 0
2 0
2 0
1 0
2 0
2 -1
2 0
2 0
1 0
1 -1
1 0
1 0
1 0
1 0
1 0
1 0
1 1
1 0
-1 1
-1 0
***click***
0 0
-1 1
-1 1
-1 3
-2 2
-2 3
-2 2
-3 3
-2 5
-3 3
-4 5
-3 5
-3 3
-2 4
-3 3
-2 3
-2 3
-2 3
-2 3
-1 3
-1 2
-1 3
-2 3
-2 4
-2 3
-2 5
-2 3
-2 5
-3 5
-2 4
-3 4
-3 4
-3 4
-2 3
-2 4
-2 3
-2 2
-1 2
-1 1
-2 2
0 1
-1 1
0 2
0 3
-2 2
-1 4
-2 3
-2 4
-1 4
-2 4
-1 3
-1 4
-1 2
-1 2
0 2
-1 2
0 1
0 1
-1 1
0 1
1 0
1 1
1 0
0 1
1 1
***click***
0 0
-1 -1
-2 -2
-2 -1
-3 -2
-5 -3
-4 -3
-5 -2
-5 -4
-6 -3
-6 -5
-6 -4
-7 -4
-7 -5
-8 -4
-7 -4
-5 -4
-5 -4
-4 -2
-3 -2
-2 -2
-2 -1
-1 0
0 -1
0 -1
-2 -3
-1 -3
-1 -2
-1 -2
-2 -3
-1 -4
-2 -3
-1 -3
-1 -2
-2 -3
-1 -2
-2 -2
0 -1
-1 -1
-1 0
-1 0
-1 0
-1 0
0 1
-1 0
-1 1
0 1
-1 1
-1 0
0 1
0 1
-1 1
-1 1
-1 0
0 1
0 1
-1 0
0 1
-1 1
0 1
***click***
***click***
0 0
2 0
2 0
5 0
8 0
9 1
10 1
9 0
9 1
10 0
10 0
13 0
11 1
14 1
13 1
13 1
13 1
11 0
11 0
9 1
9 0
9 0
8 -1
7 0
6 -1
6 -1
5 -1
4 0
3 0
4 -1
3 0
2 0
3 -1
3 0
3 -1
5 -1
5 -1
3 -1
3 0
2 0
2 -1
3 0
3 0
3 -1
4 0
4 -1
4 0
2 -1
3 0
2 0
2 0
3 0
2 0
1 0
1 0
1 0
1 0
2 0
1 0
1 0
1 0
1 0
1 0
0 1
1 0
-1 0
1 0
1 0
2 2
1 0
2 1
1 1
2 0
2 1
1 0
0 1
1 0
1 0
1 0
1 0
1 0
0 -1
1 0
1 0
***click***
0 0
-1 0
-1 0
-1 1
-1 0
-1 0
-3 1
-3 0
-5 0
-6 0
-9 -1
-9 -1
-12 -1
-13 -1
-14 -1
-16 -1
-18 -2
-17 -2
-20 -1
-19 -2
-20 -2
-19 -1
-18 -2
-18 -1
-16 0
-16 0
-14 0
-14 0
-12 0
-9 1
-8 0
-7 1
-6 1
-7 0
-6 1
-6 0
-6 0
-5 -1
-3 -2
0 -1
6 1
5 1
2 2
1 1
-1 1
-3 1
-3 1
-2 0
-6 1
-7 0
-8 0
-9 0
-11 0
-12 0
-13 0
-15 0
-14 -1
-16 -1
-15 0
-15 0
-14 0
-14 -1
-12 0
-11 -1
-11 0
-10 1
-9 0
-8 0
-6 1
-4 0
-3 0
-3 1
-2 1
-2 2
-3 1
-2 1
-2 1
-3 1
-2 1
-2 0
-3 1
-3 1
-3 0
-3 1
-4 0
-3 0
-3 0
-3 0
-3 0
-2 1
-2 0
-1 0
-1 0
-3 1
-1 0
-2 0
-2 1
-1 0
-1 1
-1 0
***click***
0 0
1 0
2 0
3 0
4 0
4 0
6 1
5 0
6 0
6 0
6 0
5 0
6 0
4 -1
3 0
3 0
3 -1
1 0
1 -1
1 0
1 0
1 -1
2 0
2 -1
2 -1
1 -1
2 0
1 -1
1 0
1 -1
1 0
***click***
0 0
1 0
4 -2
3 -2
4 -1
4 -2
5 -2
5 -3
7 -2
6 -2
7 -3
8 -2
7 -2
6 -3
7 -2
5 -2
6 -2
3 0
3 -2
3 -2
3 -1
2 -2
1 -2
2 -1
1 -1
1 -1
1 -1
1 -1
1 -1
1 -1
1 0
2 -2
2 0
1 -1
4 -2
3 -1
5 -2
4 -3
7 -3
8 -4
10 -4
9 -3
9 -4
10 -4
9 -4
10 -4
9 -4
9 -4
7 -5
5 -2
3 -1
1 0
1 0
0 1
0 1
-1 1
-2 2
-3 1
-3 0
-3 1
-3 0
-2 0
-2 0
-2 1
-1 0
-2 0
-1 1
-1 1
-2 0
-1 1
-1 0
-1 1
-2 0
-2 1
-2 1
-1 1
-2 1
-2 1
0 1
-1 1
0 1
0 1
-1 0
0 1
1 1
1 1
1 0
1 1
1 0
1 0
1 0
2 0
1 0
1 0
1 1
1 0
1 -1
1 0
1 -1
1 0
1 -1
1 0
0 -1
1 0
1 0
1 -1
1 0
0 -1
***click***
0 0
1 0
1 0
-1 -1
-2 -2
-3 -1
-3 -2
-2 -1
-1 0
3 1
5 3
5 3
4 2
6 3
2 0
1 0
2 0
2 0
3 1
3 0
3 1
2 0
2 0
1 0
1 0
1 0
2 0
1 0
1 0
1 0
1 0
2 0
1 0
2 0
2 0
2 1
3 0
3 0
2 0
3 0
2 0
3 0
2 0
2 -1
3 0
1 0
2 0
1 -1
1 0
1 0
1 0
1 0
1 0
1 -1
2 0
1 0
1 0
1 -1
2 0
1 0
1 -1
1 0
1 0
-1 0
-1 0
-1 0
-1 0
-1 1
-1 0
-1 0
***click***
0 0
-3 0
-2 0
-4 0
-4 0
-5 0
-6 1
-6 0
-7 0
-7 1
-9 0
-9 0
-9 1
-11 0
-10 1
-11 0
-10 1
-11 1
-10 0
-9 0
-9 0
-8 1
-8 0
-6 1
-5 0
-4 0
-4 0
-2 0
-3 0
-1 0
-2 0
-1 0
-1 0
-1 0
-1 0
-2 0
-3 0
-3 0
-3 0
-2 0
-3 0
-3 0
-2 0
-3 0
-2 0
-2 0
-2 0
-1 0
-2 0
-2 0
-2 -1
-2 0
-2 0
-1 0
-2 0
-3 0
-1 0
-2 -1
-1 0
-1 0
-1 -1
-1 -1
-1 0
-1 0
-1 -1
-1 0
0 -1
-1 0
-1 0
-1 -1
-1 0
***click***
0 0
0 -1
1 -2
1 -1
1 -2
1 0
6 1
5 0
5 1
2 0
0 1
-1 0
-2 1
-2 1
-2 0
-3 1
-4 1
-3 0
-4 1
-5 1
-5 2
-6 2
-7 2
-8 3
-9 3
-8 2
-8 3
-6 3
-7 2
-7 3
-6 3
-6 3
-4 1
-6 3
-5 3
-6 3
-6 3
-4 2
-3 1
-3 3
-2 0
-1 1
-2 2
-1 1
0 1
0 1
0 1
0 1
1 1
1 1
1 1
1 1
1 1
0 1
1 0
1 0
0 1
0 1
1 1
0 1
1 1
0 2
1 1
0 2
0 1
0 1
0 1
0 1
0 1
0 1
0 1
0 1
0 1
0 1
0 1
0 1
0 1
***click***
0 0
2 -2
2 -1
2 -2
3 -2
3 -2
2 1
6 -2
4 -2
5 -2
6 -3
5 -3
6 -2
4 -3
4 -3
4 -2
2 -1
3 -1
4 -3
2 -1
3 -1
3 -2
3 -1
2 -1
2 -1
2 -1
3 -1
2 -1
3 -2
3 -1
3 -1
3 -2
4 -3
2 -1
3 -1
3 -2
3 -2
2 -1
3 -2
3 -2
4 -2
2 -2
3 -2
4 -2
4 -2
4 -2
3 -3
4 -2
3 -1
4 -2
3 -2
4 -2
3 -1
2 -2
2 -1
2 0
1 -1
2 0
3 2
3 1
3 0
2 1
1 0
1 0
1 0
3 0
2 -1
3 0
1 0
1 -1
2 0
1 -1
3 0
2 -1
1 0
1 0
1 0
***click***
0 0
-1 0
-1 -1
-1 0
0 -1
-3 -1
-2 -1
-1 0
1 1
0 1
-1 1
1 1
1 0
1 1
2 1
1 0
1 0
1 0
1 1
1 0
3 2
3 1
3 2
3 1
3 1
3 2
3 1
3 1
3 1
2 1
3 1
2 0
3 0
2 1
2 0
3 0
2 1
2 0
2 1
3 0
2 0
2 1
3 1
2 0
2 0
2 1
2 0
3 0
3 0
5 1
4 1
6 0
5 1
6 1
6 0
5 0
5 1
5 0
5 1
4 0
3 0
2 0
0 1
1 0
2 0
3 1
2 0
3 1
2 0
2 0
3 1
2 0
3 0
2 1
3 0
2 0
2 0
2 1
2 1
2 1
2 0
2 1
2 0
3 1
2 1
1 1
3 0
2 1
2 1
3 0
2 1
2 1
2 0
1 1
2 1
1 0
2 1
1 0
1 1
1 0
1 0
2 1
1 1
1 0
1 1
1 0
1 1
1 0
2 1
2 1
2 1
2 1
3 1
3 1
3 2
4 1
4 1
4 1
3 1
3 1
3 0
1 0
2 0
1 -1
1 -1
0 -1
0 -1
-1 -1
-1 0
0 1
1 0
-1 2
2 1
3 1
4 2
4 2
4 1
3 0
1 0
1 0
1 0
3 1
3 1
4 2
4 2
5 2
4 1
4 2
6 1
4 1
5 1
4 1
4 1
4 0
3 1
2 0
1 0
1 0
4 1
4 0
4 1
4 0
3 1
5 0
5 0
6 1
5 1
7 1
5 0
6 1
4 0
5 1
6 0
5 0
5 1
5 0
4 1
5 0
3 0
4 0
4 1
4 0
5 1
4 1
5 1
4 1
4 1
4 1
4 1
3 1
3 2
4 1
3 1
2 0
1 0
1 0
-1 -2
-4 -1
-2 -1
1 0
2 0
3 1
2 0
3 0
2 0
2 1
2 0
2 0
1 0
1 0
1 0
1 0
1 1
1 0
1 0
2 1
3 1
3 2
2 1
3 1
3 1
4 2
4 2
5 3
6 3
5 2
5 3
4 2
4 2
3 1
3 2
3 1
3 2
3 1
2 2
3 1
3 2
2 1
2 1
2 1
2 2
2 1
2 0
1 1
2 1
1 0
1 1
1 0
1 1
2 0
1 1
1 0
1 0
1 1
1 0
1 1
1 0
1 0
1 1
2 1
1 1
1 1
1 0
0 1
1 0
0 1
1 0
-1 1
-1 1
-1 1
-2 0
-1 1
-2 1
-3 2
-2 2
-4 2
-4 1
-4 2
-5 2
-5 2
-6 2
-7 2
-8 2
-7 2
-11 2
-8 2
-9 4
-11 3
-11 3
-12 4
-11 4
-12 3
-13 3
-11 3
-13 3
-12 2
-12 2
-10 1
-12 2
-12 1
-12 0
-11 0
-11 -1
-11 0
-10 -1
-9 -1
-8 -3
-6 -4
-6 -3
-2 -1