1000 2000
1 426
1 728
1 277
1 83
1 993
1 773
1 2
426 761
426 329
426 705
426 257
426 427
426 127
426 300
728 161
728 733
728 433
728 731
728 368
728 648
728 306
728 730
728 729
161 133
161 952
161 604
161 258
161 162
761 156
761 776
761 774
761 770
761 769
761 27
761 768
761 762
156 17
156 160
156 651
156 340
156 224
156 214
156 305
156 157
277 914
277 902
277 870
277 177
277 279
277 278
914 627
914 323
914 794
914 206
914 103
733 751
733 737
733 735
733 734
733 143
733 52
776 783
776 778
776 777
776 541
133 479
133 624
133 134
83 208
83 560
83 628
83 84
83 60
329 118
329 330
902 910
902 525
902 909
902 904
902 649
902 799
902 903
902 619
902 892
208 254
208 243
208 945
208 209
870 887
870 880
870 875
870 666
870 210
870 113
870 874
870 872
870 871
887 899
887 888
887 382
887 120
899 297
899 900
910 810
910 911
880 576
880 886
880 884
880 883
880 882
880 881
880 694
880 206
525 529
525 325
525 528
525 526
525 464
254 22
254 928
254 925
254 548
254 289
254 157
254 920
254 256
254 255
875 146
875 504
875 877
875 710
875 547
875 320
875 572
875 876
875 686
146 652
146 964
146 19
146 149
146 147
22 23
297 300
297 195
297 298
774 775
928 845
928 833
928 762
928 929
928 714
993 1000
993 851
993 40
993 995
993 708
993 994
993 668
993 696
952 684
952 677
952 954
952 953
952 272
810 814
810 490
810 811
433 440
433 437
433 436
433 434
1000 900
1000 2
1000 940
479 483
479 482
479 480
900 829
900 451
900 812
900 901
705 717
705 716
705 29
705 706
705 386
624 640
624 626
624 625
851 174
851 852
851 376
851 336
851 302
17 633
17 689
17 18
529 531
529 530
529 115
529 499
731 732
731 50
731 356
731 33
604 616
604 607
604 606
604 605
604 440
616 69
616 622
616 222
616 617
666 672
666 669
666 668
666 136
666 497
666 667
560 567
560 144
560 561
325 719
325 125
325 231
325 326
717 718
717 238
719 721
719 430
719 43
719 720
160 961
160 161
504 505
504 281
504 384
732 682
576 582
576 291
576 581
576 225
576 579
576 578
576 577
576 541
576 568
177 185
177 137
177 178
300 843
300 841
300 153
300 793
300 305
300 301
751 7
751 752
40 49
40 35
40 41
627 251
627 249
627 636
627 347
627 628
627 549
607 610
607 552
607 38
607 405
607 609
607 501
607 608
652 657
652 656
652 21
652 430
652 79
652 655
652 653
652 623
925 352
925 927
925 429
925 474
925 121
925 926
925 622
243 890
243 361
243 934
243 327
243 468
243 244
718 760
718 727
718 719
718 156
582 593
582 592
582 209
582 583
125 878
125 966
125 521
125 356
125 127
125 126
257 753
257 400
257 486
257 919
257 268
257 258
257 39
845 847
845 217
845 846
684 388
684 685
684 91
548 273
548 197
548 553
548 555
548 552
548 549
279 801
279 281
279 280
279 67
995 52
995 997
995 996
995 494
7 8
829 830
829 619
829 804
708 110
708 333
708 709
716 505
716 466
531 116
531 533
531 335
531 532
531 240
531 442
531 295
323 817
323 816
323 324
323 81
770 443
770 771
770 500
770 555
801 805
801 804
801 575
801 803
801 802
801 759
843 448
911 612
911 913
911 912
911 334
911 268
911 169
890 894
890 891
677 687
677 686
677 680
677 678
2 15
2 991
2 3
894 855
894 62
894 895
894 269
174 193
174 192
174 189
174 176
174 175
567 6
567 291
567 469
855 674
855 858
855 857
855 856
855 487
855 503
52 237
52 445
52 979
52 54
52 53
805 807
805 806
841 836
841 780
841 842
961 919
904 907
904 906
904 242
904 905
904 480
997 998
997 867
997 155
997 961
997 451
760 293
760 617
760 643
674 689
674 675
907 908
907 240
153 963
153 962
153 519
153 154
964 748
964 831
964 30
964 922
964 152
672 673
852 661
852 367
852 853
69 800
69 178
69 70
69 4
193 203
193 194
289 844
289 290
289 187
289 99
737 744
737 743
737 742
737 738
376 393
376 377
657 123
622 623
291 492
291 738
291 292
443 444
443 333
669 670
281 284
281 282
891 511
891 892
891 771
748 57
748 571
888 898
888 889
888 581
640 294
640 642
640 641
610 460
610 615
610 613
610 611
804 584
804 506
673 674
258 261
258 259
284 866
284 285
877 73
877 871
877 879
877 878
771 646
771 330
771 90
771 772
771 157
771 443
237 936
237 14
237 238
954 955
954 404
954 824
800 477
800 655
800 100
800 801
800 784
783 786
783 784
783 447
427 365
427 428
427 183
273 917
273 916
273 275
273 25
273 274
273 136
388 392
388 389
710 713
710 350
710 590
710 125
710 711
361 358
612 168
612 542
19 140
19 990
19 32
19 415
19 21
19 20
886 9
886 169
886 717
448 459
448 455
448 449
940 941
940 76
940 931
336 337
336 118
393 396
393 394
393 228
393 96
157 158
9 12
9 11
9 10
382 383
382 82
382 96
920 923
920 412
920 921
920 197
913 369
913 411
913 22
913 787
575 595
575 576
251 252
251 83
396 397
396 42
396 158
646 270
231 700
231 26
231 232
440 691
440 623
440 690
440 664
440 663
440 647
440 504
440 497
440 441
884 109
884 885
884 435
884 566
884 721
197 199
197 106
197 198
651 652
651 170
530 447
996 57
996 798
996 571
996 269
210 818
210 220
210 213
210 211
49 981
49 747
49 980
49 61
49 722
49 50
261 262
330 332
330 331
836 820
836 486
721 723
721 722
953 946
953 95
953 148
953 887
178 181
178 179
178 113
769 274
769 612
649 650
199 147
492 494
492 68
492 493
492 313
744 37
744 414
744 745
744 574
140 211
140 965
140 141
459 599
459 472
459 462
459 460
656 550
37 34
37 277
37 38
21 987
21 539
21 973
21 22
830 71
830 434
830 285
830 831
917 410
917 244
599 196
599 600
368 409
368 407
368 374
368 175
368 373
368 284
368 369
778 736
778 740
778 779
778 538
912 357
912 502
259 260
57 667
57 58
127 353
127 128
831 832
831 308
981 982
648 658
648 649
445 446
410 411
238 239
595 596
90 362
90 962
90 91
552 4
552 6
552 553
222 540
222 223
494 513
494 509
494 495
494 230
472 321
472 598
472 475
472 285
472 474
472 473
472 109
162 165
162 163
553 554
383 233
383 46
383 51
383 384
383 148
626 638
626 637
626 627
626 51
752 757
752 756
752 745
752 753
593 594
593 31
593 419
109 121
109 110
192 163
192 3
460 461
990 227
990 73
990 185
990 952
158 191
158 159
414 44
414 417
414 356
414 415
414 105
116 117
745 655
745 749
745 746
745 347
818 695
818 536
818 819
818 77
818 642
794 797
794 796
794 795
340 343
340 342
340 341
797 609
797 738
797 798
332 333
332 77
293 296
293 295
293 15
293 294
293 244
923 922
923 924
923 112
923 288
294 267
294 135
270 918
270 271
409 808
409 750
409 791
409 218
409 485
409 392
409 677
409 410
262 265
262 264
262 263
165 948
165 167
165 166
963 681
808 809
808 375
808 585
412 413
38 39
687 491
687 346
687 419
687 688
638 639
638 171
638 456
638 238
735 229
735 271
735 645
735 736
735 39
407 408
144 145
397 398
858 811
858 859
987 989
987 988
987 816
987 439
168 424
168 169
962 703
196 66
796 97
796 266
796 72
796 391
513 514
513 112
405 406
844 845
847 850
847 848
847 43
847 828
941 942
941 496
628 635
628 629
628 385
700 701
71 72
123 124
927 602
509 510
509 268
695 549
695 697
695 696
695 330
948 950
948 949
948 747
948 133
495 498
495 232
495 496
444 150
444 445
252 930
252 253
446 526
446 645
446 147
446 644
446 61
446 604
446 447
747 126
357 359
357 358
321 611
321 514
321 660
321 826
321 5
321 824
321 823
321 322
73 74
73 3
491 20
491 517
491 492
611 612
514 516
514 512
514 515
514 497
536 544
536 422
536 538
536 537
121 968
121 967
121 227
121 122
169 931
169 720
169 170
167 947
167 753
167 44
167 253
167 168
544 545
113 115
113 114
670 671
871 98
871 567
533 534
533 418
533 220
685 580
68 69
885 33
885 424
430 702
430 699
430 136
430 67
430 432
430 410
430 431
181 184
181 182
547 151
547 518
547 568
547 93
547 548
189 190
916 223
362 577
362 815
362 363
362 142
233 709
233 234
667 510
713 715
713 714
713 177
335 336
777 538
374 403
374 319
374 402
374 401
374 375
832 834
832 833
762 763
762 312
4 103
4 457
4 5
223 854
223 226
223 224
498 507
498 77
498 499
675 676
675 477
26 985
26 743
26 936
26 27
950 951
950 59
950 643
950 392
950 405
898 105
655 48
655 506
749 448
749 750
968 804
968 748
79 561
79 764
79 558
79 80
519 523
519 520
519 457
346 347
365 202
365 366
359 360
15 17
15 16
220 944
220 943
220 703
220 221
62 63
922 541
249 933
249 250
394 395
337 339
337 338
337 166
636 42
636 282
507 508
931 932
46 47
629 632
629 630
290 291
994 926
994 104
206 207
451 89
451 453
451 452
908 391
908 645
934 201
934 777
934 95
955 960
955 958
955 441
955 956
33 34
753 754
753 159
753 418
753 168
944 725
103 104
44 45
74 75
272 273
942 450
942 796
960 457
702 703
702 284
184 93
929 311
929 309
929 92
929 626
632 633
75 977
75 976
75 77
75 76
278 219
820 822
820 821
820 463
820 86
63 64
475 489
475 478
475 477
475 476
754 755
754 413
734 583
734 604
874 134
874 678
377 386
377 130
377 379
377 378
5 765
5 6
98 99
134 135
930 892
930 247
930 931
930 454
930 132
723 726
723 725
723 724
723 281
772 263
772 773
772 735
772 630
124 125
926 793
834 835
834 590
834 724
834 480
550 439
550 551
392 146
392 327
311 838
311 312
980 741
750 18
93 949
93 94
406 361
229 234
229 938
229 480
229 230
320 321
906 653
489 190
489 518
489 490
835 836
539 540
998 562
998 707
998 999
933 558
933 849
933 642
958 349
958 959
958 789
958 157
958 940
661 347
661 662
661 321
743 401
617 618
617 494
617 155
224 225
422 787
422 425
422 410
422 423
422 32
946 680
691 693
691 423
691 692
691 220
951 730
951 234
951 854
271 209
271 47
271 907
271 863
271 272
693 698
693 694
151 152
151 120
67 68
413 414
413 138
791 792
791 443
791 69
791 96
584 467
584 258
110 111
895 896
895 780
540 248
540 543
540 462
540 542
540 541
333 334
977 589
977 154
977 580
538 539
538 219
195 197
195 196
367 230
367 253
367 810
367 368
437 438
437 325
213 216
213 215
213 214
232 937
232 828
232 309
232 233
386 387
6 56
6 305
6 7
105 971
105 411
105 106
698 653
326 328
326 327
889 897
889 493
889 890
815 324
815 16
815 53
428 704
428 86
428 429
510 511
824 825
817 312
12 13
482 474
423 131
423 424
106 970
106 758
106 969
106 108
106 107
549 253
549 56
549 550
244 245
244 166
526 286
526 527
480 481
480 294
152 5
152 134
152 153
703 476
703 389
703 445
203 863
203 205
203 204
203 128
265 267
265 93
265 266
179 180
234 236
234 235
823 383
658 659
159 711
159 430
159 160
34 36
34 35
51 360
51 52
419 421
419 420
854 860
854 855
854 517
84 587
84 90
84 89
84 85
715 172
461 137
461 49
130 131
130 128
94 59
94 414
94 97
94 95
285 620
285 564
285 288
285 286
3 522
3 4
623 81
623 624
623 372
921 154
921 922
816 695
404 405
811 813
811 527
811 812
572 573
600 603
600 315
600 601
339 344
339 340
190 191
248 839
248 484
248 249
813 557
115 118
115 116
268 269
523 524
523 394
639 398
798 102
798 799
676 677
676 520
324 547
324 325
441 442
453 454
594 531
594 537
757 758
799 800
275 915
275 364
275 276
403 390
403 147
403 404
403 38
269 53
269 270
27 28
520 432
520 522
520 521
720 266
720 438
45 48
45 46
945 414
784 785
784 415
784 55
447 448
809 290
309 310
363 364
455 164
455 456
668 663
347 350
347 348
347 268
286 287
50 51
411 464
411 66
411 164
411 412
209 464
209 210
863 586
863 423
91 88
91 975
91 92
787 672
787 685
787 479
787 413
686 76
686 459
102 972
102 804
102 103
474 114
727 728
727 453
305 840
305 308
305 307
305 306
205 946
205 516
205 336
205 208
205 206
25 986
25 331
25 691
25 26
562 563
562 422
763 767
763 764
814 597
814 636
678 679
678 347
490 491
490 179
490 94
150 594
150 151
650 651
746 341
746 340
746 748
746 747
664 665
664 182
334 355
334 354
334 335
334 107
518 519
918 297
701 431
701 188
701 545
104 105
589 590
253 729
253 254
253 119
135 139
135 136
767 554
767 70
767 631
312 837
312 638
312 613
312 270
312 313
866 868
866 867
803 509
956 957
956 775
956 137
711 712
653 654
645 469
571 64
571 575
571 574
571 397
571 572
511 316
511 512
239 935
239 240
319 173
97 101
97 98
369 371
369 80
369 370
481 187
586 591
586 587
95 96
95 26
226 227
707 708
768 330
217 218
879 535
176 188
176 186
176 177
537 473
328 362
328 329
328 107
919 542
892 893
892 530
892 696
892 449
802 746
991 992
991 469
350 351
350 329
467 55
467 468
467 100
467 410
398 399
398 7
99 100
959 104
579 580
171 172
535 367
535 536
338 240
501 502
131 132
379 380
379 361
313 827
313 318
313 317
313 316
313 314
298 299
298 122
387 388
837 276
973 919
665 243
665 666
163 164
642 449
642 355
642 643
642 352
545 85
442 646
442 443
883 228
883 72
302 304
302 303
591 566
591 109
591 215
8 9
371 372
641 344
590 459
853 862
853 846
853 861
853 854
70 172
70 73
70 71
429 254
429 620
429 430
924 826
850 865
850 864
850 28
850 727
850 863
850 554
850 851
819 797
819 120
867 45
680 469
680 332
680 684
680 681
742 458
742 284
608 139
608 344
54 658
54 675
54 55
306 83
306 214
436 221
848 357
848 849
848 138
517 36
517 511
143 911
143 146
143 144
740 573
740 741
792 794
792 793
245 246
692 490
692 53
615 292
615 193
615 555
697 560
421 788
421 422
893 766
970 657
970 767
218 219
218 131
605 380
230 231
85 87
85 86
938 939
938 825
938 793
938 559
438 439
380 381
380 121
558 559
935 483
344 345
375 400
375 376
417 331
417 722
417 418
630 631
630 203
32 983
32 33
366 162
699 370
699 700
699 383
555 76
555 389
555 556
738 739
738 565
418 790
418 789
418 636
418 419
351 353
351 352
464 465
61 62
587 588
587 55
145 65
726 648
726 613
578 39
322 820
322 818
322 323
147 148
147 101
118 119
118 48
119 120
758 384
758 509
758 759
92 919
92 93
896 562
725 592
947 241
947 694
682 683
81 970
81 82
194 200
194 195
18 19
101 974
101 385
101 973
101 102
228 229
364 367
364 365
292 709
292 297
292 293
310 839
310 415
310 311
568 325
200 201
561 562
779 782
779 781
779 780
172 644
172 173
985 887
618 619
112 32
348 2
348 349
348 256
862 141
862 104
524 569
524 525
524 272
644 280
644 522
620 383
603 435
603 87
462 466
462 463
462 418
60 978
60 201
60 61
785 268
137 138
128 129
971 329
227 228
227 173
978 376
183 61
288 289
288 191
136 137
515 319
557 558
23 601
23 25
23 24
129 712
129 130
355 356
897 221
897 307
897 651
897 61
712 314
712 116
583 585
583 584
345 346
301 302
13 14
508 505
242 243
868 869
868 808
458 51
827 283
827 828
534 546
534 535
534 405
659 661
659 300
659 31
659 21
659 660
506 152
182 183
39 149
39 364
39 40
976 71
204 13
859 150
903 822
903 142
637 261
499 503
499 501
499 500
87 88
87 52
478 488
478 484
478 133
478 479
356 361
356 357
372 131
999 471
999 315
999 776
543 279
543 294
211 212
381 385
381 382
502 142
988 41
250 251
957 314
957 211
755 569
755 352
80 272
80 288
80 81
282 283
108 152
108 840
108 109
469 138
469 470
314 315
389 391
389 390
563 564
488 132
488 439
790 493
466 467
466 229
77 78
775 340
775 262
789 668
170 171
681 682
681 215
454 424
588 303
588 589
55 56
569 570
965 628
846 58
318 320
318 159
318 319
613 614
613 409
556 557
186 187
503 506
503 504
939 428
585 586
822 67
496 497
201 202
415 416
276 600
276 748
276 277
688 57
633 634
633 168
468 408
468 469
122 519
122 123
216 217
64 65
471 416
155 156
765 746
683 546
82 83
82 51
449 450
825 764
825 581
521 55
43 44
601 602
28 31
28 30
28 29
905 470
905 696
241 586
241 242
14 15
739 740
308 309
592 304
592 271
706 105
706 710
706 707
706 69
781 24
78 79
486 481
546 547
983 984
983 940
247 248
246 800
246 803
246 247
559 560
66 747
66 67
828 584
828 829
432 433
432 164
694 145
694 695
360 358
872 873
872 400
317 94
317 233
141 143
141 99
141 142
565 251
565 566
425 564
425 426
219 71
111 113
111 112
139 140
984 333
31 32
647 648
164 144
741 180
236 237
295 121
41 43
41 42
450 451
450 336
522 305
596 597
596 585
596 132
596 124
59 60
654 488
654 344
570 571
602 383
256 257
149 567
149 150
869 782
56 57
812 192
812 551
821 774
597 69
564 203
564 244
564 462
564 565
58 59
764 766
764 381
764 765
992 753
463 464
463 318
986 327
901 188
154 155
470 471
470 218
470 75
881 336
484 487
484 486
484 485
173 882
173 174
126 76
614 389
580 128
215 135
487 4
487 197
714 115
619 621
619 620
619 113
619 285
456 458
456 457
240 241
873 302
873 106
221 940
221 222
634 444
634 109
975 476
621 396
434 435
434 45
65 66
132 133
36 99
36 37
864 22
